10

1 1
0

2 1
0 1

2 2
0 1
1 0

2 2
0 1
0 1

16 1
11 8 2 0 1 3 7 6 5 4 10 9 12 15 13 14

7 3
5 0 2 1 4 3 6
1 0 4 2 3 5 6
0 4 3 2 1 5 6

7 11
1 0 5 4 2 3 6
2 0 1 3 5 4 6
0 3 2 1 4 5 6
2 1 0 3 4 5 6
0 3 1 2 6 4 5
6 1 0 4 3 2 5
2 0 1 5 4 3 6
3 2 1 0 6 4 5
0 4 3 1 2 6 5
5 2 1 0 3 4 6
3 1 0 2 4 5 6

13 21
1 0 4 2 3 7 5 6 8 12 11 9 10
4 3 1 0 2 7 5 6 11 8 9 10 12
7 6 4 1 0 3 2 5 11 9 8 10 12
8 1 0 4 2 3 6 5 7 12 11 10 9
0 10 7 5 1 3 2 4 6 9 8 12 11
10 7 0 1 6 3 2 5 4 8 9 12 11
2 0 1 10 6 5 3 4 8 7 9 12 11
3 1 0 2 8 5 4 6 7 9 12 11 10
6 0 4 2 1 3 5 11 10 9 8 7 12
2 1 0 11 5 3 4 7 6 10 9 8 12
6 3 0 1 2 4 5 9 8 7 12 10 11
1 0 3 2 9 5 4 6 8 7 12 11 10
11 8 5 1 0 3 2 4 7 6 10 9 12
10 6 5 3 2 1 0 4 9 7 8 11 12
12 3 0 1 2 8 6 5 4 7 10 9 11
10 9 1 0 4 3 2 8 6 5 7 12 11
4 3 2 1 0 10 7 5 6 9 8 11 12
10 8 4 1 0 2 3 6 5 7 9 12 11
5 3 1 0 2 4 11 8 7 6 9 10 12
2 1 0 8 7 4 3 6 5 9 11 10 12
1 0 3 2 12 4 6 5 7 9 8 11 10

14 51
3 2 1 0 4 6 5 8 7 9 11 10 12 13
11 7 3 1 0 2 6 4 5 8 10 9 12 13
12 2 1 0 6 3 5 4 11 8 7 9 10 13
12 6 5 2 0 1 4 3 11 8 7 9 10 13
10 9 8 4 0 1 2 3 6 5 7 11 12 13
8 0 2 1 6 4 3 5 7 11 9 10 13 12
10 9 5 0 4 3 2 1 7 6 8 12 11 13
5 0 3 2 1 4 6 8 7 10 9 13 11 12
8 5 4 3 0 2 1 6 7 9 12 11 10 13
5 2 1 0 4 3 7 6 9 8 12 11 10 13
2 1 0 12 7 5 3 4 6 8 9 10 11 13
7 6 4 2 1 0 3 5 9 8 13 11 10 12
0 3 2 1 5 4 6 13 7 12 8 10 9 11
6 3 2 1 0 5 4 13 11 8 7 10 9 12
4 2 1 0 3 11 7 6 5 8 9 10 13 12
4 0 1 2 3 10 9 7 6 5 8 13 11 12
9 1 0 4 2 3 5 7 6 8 10 13 12 11
4 1 0 2 3 5 7 6 13 8 9 11 10 12
5 3 2 0 1 4 13 8 6 7 12 11 10 9
2 0 1 10 7 3 4 5 6 9 8 11 13 12
13 9 4 3 0 2 1 5 6 8 7 12 10 11
4 0 2 1 3 9 5 7 6 8 12 10 11 13
6 1 0 4 2 3 5 11 10 7 9 8 12 13
9 0 1 3 2 8 4 6 5 7 10 11 13 12
10 1 0 8 6 4 2 3 5 7 9 11 12 13
0 5 4 2 1 3 12 11 6 8 7 9 10 13
12 11 8 1 0 2 4 3 7 5 6 10 9 13
11 5 0 4 1 3 2 7 6 10 9 8 12 13
4 2 0 1 3 12 7 6 5 8 9 10 11 13
8 2 1 0 7 3 6 5 4 10 9 13 11 12
10 6 0 4 2 1 3 5 8 7 9 11 12 13
10 8 2 1 0 7 4 3 5 6 9 12 11 13
0 2 1 10 8 7 6 4 3 5 9 13 12 11
10 7 4 0 3 1 2 6 5 8 9 13 12 11
2 0 1 10 5 3 4 9 7 6 8 12 11 13
11 2 1 0 3 8 4 5 7 6 9 10 12 13
3 1 0 2 7 6 5 4 9 8 11 10 12 13
7 0 5 1 2 3 4 6 12 11 10 9 8 13
8 6 1 0 5 3 2 4 7 10 9 13 11 12
12 1 0 7 3 2 5 4 6 10 9 8 11 13
0 4 1 2 3 8 6 5 7 12 9 10 11 13
8 0 1 3 2 4 5 7 6 9 13 10 11 12
7 1 0 4 3 2 5 6 11 10 8 9 12 13
7 5 1 0 2 4 3 6 8 9 11 10 12 13
1 0 2 3 9 7 4 5 6 8 10 12 11 13
7 1 0 2 3 5 4 6 13 10 9 8 11 12
2 0 1 9 8 6 3 5 4 7 11 10 12 13
1 0 4 2 3 5 7 6 10 9 8 13 11 12
9 0 5 3 1 2 4 6 7 8 12 10 11 13
12 0 1 8 6 4 2 3 5 7 11 9 10 13
1 0 12 7 6 4 2 3 5 11 8 10 9 13

16 100
11 6 0 3 2 1 4 5 9 7 8 10 15 12 13 14
1 0 9 6 2 5 3 4 8 7 14 11 10 12 13 15
6 2 1 0 4 3 5 13 10 8 7 9 11 12 15 14
4 1 0 3 2 15 14 6 5 8 7 12 10 9 11 13
2 1 0 7 3 5 4 6 12 8 11 9 10 13 14 15
7 2 0 1 3 4 5 6 9 8 15 11 10 13 12 14
3 0 2 1 8 5 4 6 7 10 9 15 11 13 12 14
11 1 0 2 9 6 3 4 5 7 8 10 12 14 13 15
8 3 2 0 1 5 4 7 6 14 11 9 10 12 13 15
5 0 1 3 2 4 7 6 9 8 13 11 10 12 14 15
4 1 0 3 2 14 11 10 6 5 9 8 7 12 13 15
9 2 0 1 5 3 4 6 8 7 15 10 12 11 13 14
5 3 1 0 2 4 11 6 8 7 10 9 14 12 13 15
1 0 15 10 7 5 3 2 4 6 9 8 14 13 11 12
0 9 2 1 8 4 3 5 7 6 13 10 11 12 15 14
8 0 4 1 3 2 6 5 7 15 13 9 10 11 12 14
13 12 7 1 0 6 3 2 5 4 8 9 11 10 14 15
7 2 1 0 6 4 3 5 10 9 8 12 11 15 14 13
2 1 0 8 6 3 5 4 7 12 9 10 11 15 13 14
10 4 2 1 0 3 6 5 7 9 8 12 11 13 14 15
9 3 1 0 2 7 4 5 6 8 14 10 13 12 11 15
4 3 0 1 2 10 9 8 6 5 7 13 12 11 14 15
13 11 1 0 5 3 2 4 6 8 7 9 10 12 15 14
13 11 2 1 0 4 3 5 8 6 7 10 9 12 15 14
15 9 3 0 2 1 6 4 5 7 8 14 10 12 11 13
2 0 1 4 3 12 10 5 6 7 8 9 11 15 14 13
4 1 0 3 2 6 5 13 12 8 7 9 11 10 14 15
6 0 3 1 2 4 5 9 7 8 14 10 12 11 13 15
8 3 1 0 2 4 6 5 7 12 9 10 11 15 13 14
12 5 4 1 0 2 3 7 6 11 8 9 10 13 15 14
15 12 10 6 5 2 0 1 3 4 8 7 9 11 13 14
10 3 1 0 2 9 5 4 7 6 8 11 15 13 12 14
7 4 0 2 1 3 5 6 11 9 8 10 15 14 13 12
0 1 8 4 2 3 6 5 7 14 9 13 10 12 11 15
9 3 2 1 0 4 8 5 7 6 10 12 11 14 13 15
8 5 1 0 3 2 4 6 7 9 14 10 12 11 13 15
0 10 1 9 6 3 2 5 4 8 7 15 11 12 14 13
1 0 9 4 3 2 5 8 7 6 15 10 12 11 13 14
13 3 0 1 2 7 5 4 6 11 8 9 10 12 15 14
1 0 4 2 3 8 7 6 5 10 9 15 11 14 12 13
1 0 14 6 3 2 5 4 7 10 8 9 11 12 13 15
12 10 9 2 1 0 5 3 4 8 6 7 11 13 14 15
6 1 0 2 4 3 5 15 9 7 8 12 11 10 13 14
6 1 0 3 2 5 4 11 10 9 8 7 14 13 12 15
5 1 0 4 2 3 9 8 7 6 12 11 10 14 13 15
9 2 0 1 8 6 3 4 5 7 10 15 13 11 12 14
7 1 0 3 2 4 5 6 10 8 9 14 11 12 13 15
1 0 11 6 2 5 4 3 7 8 9 10 12 15 14 13
2 0 1 3 14 11 5 4 10 9 7 6 8 12 13 15
11 10 1 0 6 3 2 4 5 9 8 7 12 15 14 13
12 2 0 1 8 4 3 6 5 7 10 9 11 13 14 15
11 9 6 0 2 1 4 3 5 7 8 10 13 12 14 15
3 0 2 1 4 7 6 5 13 11 8 10 9 12 14 15
13 5 4 1 0 2 3 9 7 6 8 10 11 12 15 14
5 3 0 1 2 4 10 7 6 8 9 11 14 13 12 15
9 8 0 2 1 7 5 4 3 6 11 10 14 13 12 15
11 8 7 5 2 1 0 3 4 6 10 9 12 15 14 13
5 3 1 0 2 4 7 6 12 11 9 8 10 13 15 14
0 7 2 1 4 3 6 5 12 9 8 10 11 14 13 15
11 8 4 2 1 0 3 5 6 7 10 9 12 14 13 15
9 1 0 2 8 7 3 5 4 6 10 11 12 13 15 14
14 9 2 0 1 5 3 4 8 6 7 12 10 11 13 15
1 0 13 10 4 3 2 8 6 5 7 9 11 12 15 14
2 0 1 14 6 5 3 4 7 12 9 8 10 11 13 15
8 7 5 1 0 3 2 4 6 10 9 13 11 12 14 15
5 3 1 0 2 4 12 10 7 6 9 8 11 14 13 15
0 7 6 3 2 1 5 4 9 8 10 13 12 11 14 15
15 0 4 2 1 3 5 10 6 9 7 8 13 11 12 14
15 14 9 7 1 0 3 2 6 5 4 8 12 11 10 13
13 3 0 1 2 5 4 7 6 12 11 9 8 10 14 15
11 7 6 3 2 1 0 5 4 9 8 10 12 13 15 14
7 1 0 4 2 3 6 5 9 8 11 10 13 12 15 14
4 0 2 1 3 9 7 5 6 8 10 11 14 12 13 15
4 1 0 2 3 7 6 5 12 8 10 9 11 13 14 15
6 0 2 1 3 5 4 14 13 8 7 11 9 10 12 15
6 5 1 0 3 2 4 12 10 8 7 9 11 14 13 15
15 8 4 2 1 0 3 6 5 7 11 9 10 13 12 14
8 2 0 1 3 5 4 6 7 9 10 11 12 13 14 15
0 6 1 4 3 2 5 15 7 14 11 8 10 9 12 13
9 3 0 2 1 6 5 4 7 8 13 10 12 11 15 14
3 2 1 0 8 7 5 4 6 12 9 11 10 14 13 15
7 3 1 0 2 5 4 6 12 10 8 9 11 13 14 15
10 8 0 2 1 5 3 4 7 6 9 13 12 11 15 14
1 0 13 8 3 2 5 4 6 7 12 11 10 9 15 14
7 4 2 0 1 3 5 6 8 9 14 13 10 11 12 15
10 2 0 1 3 7 4 6 5 8 9 13 12 11 15 14
5 1 0 2 3 4 6 12 10 8 7 9 11 13 14 15
1 0 7 3 2 6 5 4 12 11 8 9 10 14 13 15
13 1 0 2 5 3 4 12 11 7 6 9 8 10 14 15
12 2 1 0 9 6 5 3 4 8 7 10 11 13 15 14
9 2 0 1 5 3 4 7 6 8 14 12 11 10 13 15
12 5 4 0 3 2 1 11 8 7 6 9 10 13 14 15
0 13 11 2 1 4 3 8 6 5 7 9 10 12 15 14
15 4 0 2 1 3 13 9 7 6 5 8 11 10 12 14
8 1 0 3 2 5 4 7 6 14 11 9 10 12 13 15
14 1 0 7 6 5 2 3 4 13 9 8 11 10 12 15
3 2 0 1 10 5 4 8 7 6 9 13 12 11 15 14
1 0 6 3 2 4 5 8 7 13 10 9 11 12 14 15
11 4 0 2 1 3 9 7 5 6 8 10 12 15 14 13
8 0 3 2 1 4 5 6 7 15 13 10 9 12 11 14
