1000

5 7
3 3
5 2

3 7
1 3
3 5

4 3
1 1
1 3

8 1
7 1
5 1

3 2
2 1
3 1

10 1
3 1
2 1

2 8
2 3
2 4

4 3
2 2
4 2

3 8
3 6
1 6

3 4
3 1
3 3

7 6
6 1
3 6

4 4
4 3
4 4

2 1
2 1
1 1

7 7
1 4
2 6

8 5
5 5
3 5

7 6
3 6
1 6

9 8
5 1
4 1

4 6
3 2
3 3

7 6
3 3
3 4

6 2
2 1
2 2

4 8
1 5
3 8

6 8
6 7
4 8

3 9
1 7
2 2

3 8
3 7
2 8

3 8
2 5
3 3

9 7
5 2
1 6

9 1
9 1
8 1

4 6
4 6
4 2

5 6
2 3
3 3

4 8
4 3
3 1

3 9
2 9
2 2

1 7
1 2
1 1

2 5
2 2
1 4

5 6
4 4
2 6

10 1
10 1
9 1

4 2
1 1
1 2

7 9
3 4
5 5

9 10
3 4
4 5

10 6
4 4
5 5

6 10
4 6
3 6

3 7
2 4
3 2

5 7
4 4
2 3

3 5
2 3
1 4

8 5
8 2
2 1

2 6
2 6
2 2

7 1
4 1
3 1

6 4
5 2
6 4

1 10
1 5
1 3

1 6
1 1
1 6

8 5
6 1
7 4

1 4
1 3
1 4

5 8
1 6
5 2

10 6
6 1
3 2

2 1
2 1
1 1

9 2
2 1
1 2

3 7
2 1
1 2

7 3
1 1
7 2

5 5
3 2
4 1

9 4
9 1
6 3

2 8
1 3
2 3

9 4
9 3
5 3

1 2
1 2
1 1

9 5
8 5
5 5

10 2
3 2
8 1

6 5
5 5
1 5

8 2
5 1
7 2

5 3
2 1
5 1

8 7
6 2
3 7

1 5
1 5
1 1

3 10
1 5
3 3

2 2
1 2
2 2

6 7
6 3
4 7

1 8
1 2
1 5

9 5
8 3
6 2

3 6
2 1
1 2

5 8
4 1
4 4

9 10
8 6
6 3

6 10
5 6
1 6

4 7
3 5
3 4

1 2
1 1
1 2

6 2
5 1
3 2

8 9
8 4
8 8

10 2
4 1
6 2

6 8
4 3
6 2

8 1
7 1
3 1

9 10
7 6
2 4

7 1
6 1
2 1

4 5
2 2
2 1

6 1
5 1
1 1

3 1
1 1
2 1

6 6
3 3
2 2

10 10
3 10
3 3

4 1
2 1
4 1

4 8
2 5
2 8

5 1
1 1
3 1

8 5
4 5
8 4

9 7
4 4
1 6

10 5
2 1
5 4

8 7
2 6
4 6

2 2
2 2
2 1

2 8
1 8
1 6

4 7
2 3
2 6

7 9
5 3
4 7

7 4
7 2
1 1

10 1
4 1
3 1

10 9
7 7
7 5

5 1
5 1
2 1

7 2
7 1
7 2

7 2
7 2
6 2

1 2
1 1
1 2

3 1
2 1
3 1

8 6
6 4
2 3

7 7
6 3
3 7

10 5
4 5
10 3

6 7
3 6
4 4

4 8
4 4
2 7

5 5
4 5
2 4

6 1
6 1
1 1

8 3
6 2
1 3

4 3
4 2
1 2

9 10
7 2
1 9

8 2
5 1
1 2

2 1
2 1
1 1

8 3
6 2
2 3

6 9
3 5
5 7

10 8
6 6
10 6

6 5
2 5
1 5

3 7
1 4
1 3

1 4
1 1
1 2

9 5
9 5
3 2

9 6
1 1
4 6

6 9
4 5
6 4

3 4
3 1
2 4

8 3
1 3
4 3

10 10
7 3
3 3

6 1
3 1
1 1

6 9
3 3
2 8

1 6
1 6
1 2

8 8
8 8
3 4

2 9
1 5
1 6

4 9
3 9
3 5

8 7
8 5
6 2

5 8
1 7
5 7

8 5
2 4
7 2

5 9
2 3
4 5

6 2
1 1
4 2

7 4
3 1
7 2

5 8
1 3
3 1

10 10
2 3
6 2

2 9
2 1
1 5

7 1
4 1
2 1

10 5
7 2
6 3

4 2
3 1
2 2

6 9
3 3
4 9

6 6
3 5
4 4

8 7
3 6
8 4

10 1
3 1
8 1

9 5
5 5
6 3

3 8
3 8
2 1

10 7
5 7
4 5

4 1
1 1
2 1

1 10
1 10
1 9

6 2
6 1
3 1

9 3
3 3
6 3

1 7
1 6
1 5

8 5
1 3
4 5

6 7
3 4
2 5

6 5
1 5
2 2

4 3
1 2
1 3

2 9
2 5
1 4

10 7
6 6
3 6

7 3
7 1
4 2

5 7
5 1
3 1

1 9
1 5
1 7

2 10
1 6
2 5

9 9
6 2
2 5

10 10
9 7
4 5

8 7
5 7
2 1

8 6
6 6
4 4

6 4
2 2
1 2

9 6
1 3
2 3

4 8
2 7
1 5

6 3
3 1
6 3

7 6
4 2
1 4

8 10
3 5
4 8

1 9
1 4
1 5

4 8
3 5
1 7

5 10
5 9
3 10

10 10
6 9
2 8

8 8
6 1
5 8

7 4
4 2
6 1

7 10
3 10
6 7

3 5
1 3
2 1

8 8
4 6
6 2

4 3
2 1
3 2

10 4
1 2
2 3

7 7
4 7
4 5

6 1
2 1
5 1

4 4
2 3
4 3

2 7
1 3
1 1

2 7
1 6
1 5

10 3
3 3
1 2

7 1
2 1
7 1

4 6
4 5
2 5

10 10
2 4
1 7

4 7
4 2
3 4

7 8
7 7
6 8

3 6
3 1
2 6

2 8
2 3
1 4

7 6
5 6
6 3

7 7
3 7
6 1

6 3
4 2
2 3

10 5
9 1
3 5

1 3
1 1
1 2

6 5
2 3
3 3

2 7
1 2
2 6

8 3
2 3
8 1

3 2
1 2
3 2

8 1
2 1
8 1

9 8
2 8
3 4

7 4
1 1
2 1

7 1
6 1
7 1

3 7
3 4
3 1

10 1
10 1
1 1

9 3
3 1
5 2

1 5
1 5
1 3

6 3
2 3
1 3

6 10
2 4
5 10

2 2
1 2
1 1

2 2
2 2
1 1

2 3
2 2
1 2

6 9
2 5
6 9

2 10
1 7
1 6

4 1
4 1
1 1

2 8
2 3
2 7

8 4
2 3
3 3

3 8
2 2
3 1

10 5
7 1
3 1

4 4
2 1
3 1

7 4
7 2
2 4

1 10
1 10
1 8

4 4
3 2
4 4

2 6
2 5
2 1

10 7
6 2
8 1

10 2
9 1
5 2

8 8
7 2
2 7

9 4
1 1
8 3

1 7
1 3
1 5

1 4
1 4
1 3

1 6
1 5
1 6

8 6
6 3
7 3

9 9
6 1
6 9

5 1
1 1
2 1

8 8
8 6
5 3

3 9
3 3
1 9

9 6
9 5
2 4

6 6
1 1
2 1

10 10
1 7
7 2

6 5
3 2
1 3

5 1
4 1
1 1

7 10
5 4
3 5

6 4
5 4
6 4

3 10
3 5
1 5

9 6
5 5
8 3

2 8
2 7
1 6

10 10
6 3
3 4

7 3
6 3
2 1

8 1
3 1
2 1

3 4
2 4
1 3

5 2
1 2
5 2

7 9
4 1
2 5

6 7
5 6
2 5

10 10
4 4
10 9

9 10
8 10
9 10

6 3
1 3
6 3

9 9
5 5
3 7

7 3
1 1
1 3

6 2
3 2
3 1

7 8
3 7
3 5

2 4
2 4
1 2

7 2
6 1
1 2

2 9
2 7
2 1

4 2
4 1
1 1

8 1
6 1
4 1

8 1
5 1
4 1

8 1
7 1
6 1

7 8
3 3
5 5

4 6
2 5
3 4

7 2
2 1
5 2

7 3
1 3
1 2

4 3
3 1
3 2

10 6
2 1
1 4

10 8
1 2
10 4

6 8
2 8
6 6

7 7
7 6
1 7

6 6
5 3
1 6

8 9
1 6
5 2

1 8
1 7
1 8

5 1
5 1
2 1

1 4
1 4
1 3

3 3
1 3
3 2

1 5
1 5
1 1

7 9
2 6
4 4

3 10
1 6
1 1

3 1
3 1
1 1

7 3
1 3
3 3

5 4
2 2
3 1

4 1
2 1
3 1

10 2
3 2
4 1

8 9
1 1
4 8

7 5
6 2
3 3

9 6
3 4
2 3

5 4
3 2
2 4

4 4
2 2
1 2

9 9
2 3
5 9

3 7
2 2
2 6

3 4
2 2
1 2

9 8
9 2
9 7

6 3
4 3
6 3

5 4
5 3
1 3

7 8
7 1
3 3

10 6
9 2
7 4

5 2
2 2
4 1

3 9
1 3
2 1

8 6
7 4
2 5

7 1
5 1
4 1

4 6
2 1
4 5

5 5
3 3
3 5

9 3
2 1
1 1

5 5
4 2
3 1

4 8
4 3
1 7

3 8
2 8
1 4

10 10
5 4
1 8

3 9
2 7
2 8

4 4
4 3
4 1

5 1
5 1
4 1

10 3
8 2
5 1

5 6
5 2
4 5

5 8
3 1
3 2

2 8
1 3
1 4

2 1
2 1
1 1

9 10
4 7
3 1

9 4
9 4
5 4

2 5
2 4
1 2

3 1
3 1
2 1

1 8
1 6
1 5

4 4
3 1
2 4

5 10
3 1
2 9

4 2
1 1
4 1

1 6
1 6
1 3

4 10
3 6
1 9

6 7
2 3
4 1

4 5
2 1
1 5

5 3
5 3
3 3

5 9
4 6
2 6

7 3
2 1
2 2

4 2
2 1
3 1

3 1
2 1
3 1

9 4
8 1
9 2

6 9
4 8
4 4

4 6
2 4
1 4

1 8
1 7
1 8

5 10
2 9
4 1

5 1
1 1
5 1

6 8
2 2
3 8

5 2
3 2
2 2

9 6
2 4
3 2

1 7
1 2
1 5

9 4
8 4
7 1

1 7
1 4
1 6

9 8
3 4
6 7

2 10
2 3
2 5

10 9
8 2
1 3

8 6
1 5
2 1

7 9
7 1
5 8

4 10
4 4
3 6

10 10
6 2
1 4

1 8
1 3
1 8

7 1
2 1
5 1

1 5
1 2
1 3

8 7
8 4
7 7

1 6
1 1
1 5

7 8
1 7
6 6

1 5
1 5
1 3

10 7
9 5
1 2

3 9
2 3
1 4

9 2
5 1
9 2

5 3
5 3
4 1

10 7
8 6
4 5

4 8
2 5
1 7

9 3
9 2
5 2

6 3
4 1
3 2

9 3
4 2
7 3

6 6
4 5
6 3

2 1
2 1
1 1

7 8
3 5
4 2

10 1
1 1
9 1

10 6
2 3
2 6

8 1
7 1
4 1

9 10
4 7
3 4

1 5
1 3
1 2

6 2
3 1
4 2

3 8
1 4
2 6

3 4
3 1
1 2

8 7
3 4
3 3

9 3
2 3
6 3

1 10
1 1
1 2

4 6
4 4
1 3

8 1
8 1
2 1

6 5
2 2
6 2

9 9
5 6
9 7

10 1
1 1
10 1

6 7
6 6
2 3

6 6
5 2
1 1

10 2
8 2
10 1

2 6
2 5
1 4

8 1
3 1
6 1

1 3
1 3
1 2

10 3
7 2
3 2

3 9
3 7
2 3

8 9
4 9
3 5

1 2
1 2
1 1

9 1
2 1
1 1

1 4
1 1
1 4

1 3
1 3
1 1

1 8
1 6
1 4

2 5
1 3
1 2

6 2
4 2
4 1

5 6
5 1
1 2

2 1
2 1
1 1

7 1
2 1
1 1

4 4
4 4
2 2

4 7
3 4
4 3

6 7
2 6
1 4

10 1
8 1
1 1

6 8
2 8
2 2

5 2
5 1
3 2

8 3
8 2
8 3

3 8
3 3
2 5

4 2
2 1
2 2

10 9
6 6
1 6

6 7
3 2
5 2

3 5
3 2
3 1

7 10
7 7
5 8

2 3
2 2
1 1

4 9
4 9
4 6

9 2
3 1
5 2

4 1
4 1
2 1

6 5
4 4
5 3

3 10
1 1
3 7

3 5
2 5
3 4

5 3
2 2
1 3

1 8
1 5
1 2

7 1
6 1
2 1

7 4
1 1
3 3

3 3
3 1
2 3

9 8
4 2
8 3

3 7
3 7
2 1

10 9
10 1
8 6

8 8
3 8
7 2

10 5
5 1
8 2

5 2
2 2
3 2

2 9
2 1
2 4

3 9
2 6
2 8

4 6
3 5
4 4

7 9
6 5
3 9

2 5
2 4
1 3

9 4
8 4
6 2

1 2
1 2
1 1

4 3
1 2
3 3

7 8
5 5
1 6

6 1
6 1
5 1

4 2
4 2
2 2

3 8
1 2
2 6

7 7
6 7
5 7

4 8
4 3
4 7

1 5
1 4
1 3

7 1
1 1
5 1

5 3
3 1
5 2

1 9
1 8
1 4

5 1
3 1
1 1

1 6
1 3
1 1

5 4
3 4
5 1

10 4
4 4
1 2

2 3
2 2
1 3

2 1
2 1
1 1

7 3
6 3
5 1

9 5
2 2
5 4

10 1
9 1
4 1

3 4
3 2
2 4

8 5
3 5
8 1

1 4
1 4
1 2

8 9
5 8
5 7

9 8
9 3
3 5

4 4
1 3
1 1

5 8
4 4
4 3

5 4
2 1
3 3

4 4
4 2
2 1

10 9
4 1
9 2

7 8
1 3
5 1

4 1
4 1
2 1

2 3
1 2
2 3

5 3
3 1
5 3

5 2
3 2
1 2

6 6
3 6
4 1

7 8
6 7
1 6

9 5
7 2
1 3

2 10
1 10
1 6

3 6
1 6
3 2

1 9
1 1
1 2

4 7
3 3
1 4

9 7
6 4
7 1

8 2
3 1
8 2

3 3
1 1
1 2

1 10
1 1
1 10

3 8
1 6
3 7

7 9
6 1
1 8

8 4
2 1
6 4

5 1
5 1
4 1

5 8
1 8
4 7

9 5
8 5
7 3

2 7
2 4
2 1

8 4
8 4
1 1

7 2
2 1
3 1

1 10
1 7
1 2

4 9
3 7
1 5

4 10
4 3
2 10

8 7
8 2
4 1

4 7
2 7
4 7

6 9
3 1
2 4

6 8
4 8
3 6

5 2
1 2
3 1

1 4
1 4
1 1

1 3
1 1
1 3

6 8
4 1
6 8

5 1
3 1
5 1

9 4
7 2
5 3

5 3
2 2
5 2

9 8
6 2
3 5

8 2
2 2
7 1

1 2
1 2
1 1

4 1
2 1
4 1

8 10
5 9
6 9

8 5
4 4
8 2

2 1
2 1
1 1

1 8
1 5
1 2

7 6
1 5
2 2

9 10
9 2
7 4

9 4
5 3
7 3

8 4
8 1
5 1

1 10
1 3
1 1

9 10
2 2
7 8

8 7
8 2
1 4

8 1
6 1
4 1

10 4
5 2
1 4

7 4
7 2
7 3

4 2
1 2
4 1

4 9
4 8
4 2

1 7
1 2
1 1

5 1
2 1
1 1

9 10
4 7
9 6

10 2
1 2
2 1

9 3
9 3
9 1

10 6
6 6
7 3

4 9
1 3
3 9

6 1
1 1
4 1

9 6
9 2
4 1

8 5
5 4
2 1

1 6
1 2
1 5

4 5
4 2
4 3

7 10
3 7
3 8

3 7
1 1
3 2

10 1
9 1
4 1

2 5
1 2
1 4

7 1
4 1
1 1

8 4
4 1
7 2

6 5
1 3
6 2

2 4
1 4
2 3

8 5
5 5
6 1

8 6
1 1
8 1

6 7
3 7
2 7

5 9
4 2
4 4

10 8
5 5
1 6

4 3
3 2
2 1

2 5
2 2
2 4

1 10
1 2
1 7

3 10
1 6
2 9

2 7
2 5
1 2

1 4
1 1
1 4

6 1
4 1
5 1

2 7
2 5
1 1

7 10
6 6
3 4

8 1
5 1
8 1

6 3
1 1
4 1

7 4
3 4
6 4

8 10
5 5
4 4

5 2
2 2
5 1

10 9
1 4
4 6

3 5
1 4
3 2

10 6
6 2
5 6

7 6
2 3
3 2

8 8
8 5
5 8

3 8
1 3
3 1

4 4
3 1
1 1

3 2
2 1
1 1

8 4
8 1
5 2

8 2
6 1
4 2

6 2
6 1
2 1

8 5
3 2
4 5

8 5
1 1
4 5

6 4
1 2
6 1

8 3
1 2
7 2

9 10
5 2
7 3

2 8
2 2
1 1

9 9
5 7
3 6

1 5
1 3
1 4

9 8
4 4
1 5

7 1
3 1
2 1

3 7
2 7
3 4

3 2
2 2
2 1

3 3
3 1
1 1

6 6
2 3
1 2

9 2
6 1
3 2

8 2
1 2
4 1

9 8
7 7
3 3

7 2
6 2
2 2

2 9
2 4
2 6

9 1
6 1
8 1

2 1
2 1
1 1

7 9
3 5
4 5

6 10
3 6
2 3

6 10
4 2
3 3

9 1
5 1
6 1

7 8
5 3
7 6

3 3
3 2
3 1

3 2
1 2
2 2

10 9
8 6
9 5

2 7
2 3
2 1

7 5
4 4
3 2

1 4
1 4
1 1

7 6
4 3
2 2

8 7
1 6
4 7

10 4
10 1
7 2

2 4
2 4
2 3

4 10
1 3
4 9

5 3
4 2
5 1

1 10
1 2
1 4

5 1
2 1
4 1

9 4
1 1
9 3

8 7
7 1
5 3

3 5
3 2
1 3

10 6
6 3
5 4

9 2
9 1
9 2

5 10
5 7
1 8

5 5
4 5
1 2

10 1
5 1
4 1

6 6
1 2
5 6

10 10
2 6
9 5

10 7
10 7
6 6

3 2
1 2
2 1

5 2
4 2
5 2

6 2
2 2
4 2

1 5
1 5
1 3

2 4
1 3
1 1

8 3
4 1
2 3

7 3
7 1
7 2

6 3
6 2
5 3

2 2
2 1
1 2

1 10
1 7
1 5

6 7
3 2
2 6

1 10
1 4
1 1

6 7
2 5
4 1

2 4
1 2
2 3

9 10
7 8
1 9

8 2
5 1
4 1

3 1
1 1
3 1

3 7
3 7
3 6

2 2
2 1
1 1

9 3
9 2
3 3

7 9
6 3
2 4

7 1
2 1
7 1

6 4
2 4
4 4

6 1
2 1
3 1

6 4
6 4
3 3

7 7
1 2
3 7

10 8
7 5
7 2

4 3
1 1
1 2

4 4
1 2
1 4

4 7
2 2
3 4

4 6
4 5
2 6

2 7
1 2
2 1

2 5
2 1
1 1

8 9
4 8
7 5

5 6
5 1
5 6

6 10
6 4
3 9

3 8
3 7
2 6

3 3
3 2
1 1

1 6
1 2
1 3

10 8
2 6
1 6

4 7
1 2
4 2

2 9
2 7
1 2

8 5
6 2
6 3

4 10
4 2
2 4

10 1
8 1
6 1

3 10
2 5
3 5

8 8
7 6
4 4

7 2
7 2
7 1

6 3
1 1
5 2

4 4
2 2
4 2

2 1
1 1
2 1

9 8
7 1
7 5

6 6
2 4
6 3

8 3
4 3
5 3

6 1
3 1
6 1

6 10
2 5
6 4

2 2
2 1
1 2

6 5
5 1
6 1

6 6
4 5
6 1

8 10
3 5
8 5

8 7
4 6
8 6

9 3
5 1
1 2

10 6
5 6
6 2

8 10
8 7
6 4

3 10
1 5
1 9

2 5
2 2
2 3

7 8
1 4
1 5

8 1
5 1
8 1

8 3
5 3
3 1

8 1
5 1
4 1

7 10
7 5
5 3

4 4
2 4
1 1

8 1
6 1
7 1

3 10
2 8
1 6

1 10
1 8
1 2

3 5
3 1
1 5

1 5
1 4
1 1

2 9
1 7
2 4

6 1
3 1
1 1

8 6
7 5
2 3

6 7
4 1
3 2

2 2
1 1
2 1

4 8
2 2
2 4

1 6
1 3
1 6

6 2
5 2
1 1

9 5
9 1
6 5

9 9
3 5
5 4

3 4
1 3
1 4

7 3
1 1
6 1

3 2
3 2
2 1

4 5
1 1
1 4

4 6
4 1
1 3

10 2
1 1
10 1

5 9
2 7
5 3

2 7
1 7
2 7

4 5
3 1
1 4

9 5
8 3
5 2

1 4
1 3
1 4

4 1
1 1
3 1

5 4
2 4
2 3

4 10
3 5
1 1

1 3
1 2
1 3

7 10
6 10
3 10

2 5
2 5
2 2

4 2
3 2
2 2

2 9
2 1
2 6

8 2
4 2
6 2

1 4
1 1
1 2

7 6
3 1
6 5

9 9
5 4
4 4

7 7
4 4
3 5

4 10
3 4
2 7

1 10
1 5
1 2

8 5
6 3
4 3

5 1
4 1
1 1

4 8
1 3
1 2

5 9
2 8
1 7

3 7
2 3
1 3

2 1
2 1
1 1

10 2
1 2
6 2

2 1
2 1
1 1

1 3
1 3
1 2

8 5
5 4
1 4

1 10
1 7
1 1

6 1
1 1
4 1

9 7
9 1
4 1

6 1
1 1
2 1

10 5
7 5
3 5

2 5
2 3
1 1

1 5
1 2
1 4

7 3
4 1
1 2

4 10
1 5
4 1

8 10
7 5
7 1

1 4
1 2
1 1

7 3
7 2
1 1

5 10
4 7
4 5

7 5
6 4
4 4

6 7
6 7
4 1

7 8
5 4
7 4

1 6
1 6
1 2

8 9
2 2
6 3

6 2
5 2
2 2

10 8
2 2
3 7

8 5
4 4
3 3

10 5
7 1
3 4

10 4
4 1
1 3

1 10
1 4
1 5

10 4
5 4
2 3

6 3
4 3
6 2

7 3
5 1
7 3

8 5
6 3
2 1

1 8
1 2
1 6

10 5
1 4
1 5

6 7
1 3
3 5

6 7
2 4
1 6

5 7
4 4
1 6

4 9
4 3
3 6

9 4
8 4
9 4

7 4
4 3
3 4

7 3
1 1
7 3

7 7
2 6
5 1

7 10
1 8
5 5

1 8
1 1
1 5

8 7
1 6
6 5

8 5
6 4
4 3

6 5
2 1
6 5

7 6
4 1
6 1

1 4
1 4
1 2

4 9
1 1
4 2

2 9
1 3
2 1

8 9
7 7
3 8

2 9
2 7
1 5

10 1
7 1
10 1

6 9
5 6
2 1

1 2
1 2
1 1

10 4
5 3
6 2

8 3
5 1
1 2

2 8
2 1
1 6

3 3
2 1
3 2

8 1
5 1
6 1

3 8
1 7
3 8

3 8
1 3
2 2

5 6
5 5
2 3

7 3
5 2
3 2

4 9
1 5
2 5

2 2
2 2
2 1

4 6
3 5
1 5

6 5
4 5
4 1

7 5
3 5
4 2

4 8
3 7
4 1

8 2
2 1
7 2

2 6
1 3
2 5

10 6
8 5
5 2

9 6
4 5
5 6

6 5
5 3
5 5

9 10
2 4
6 2

3 8
3 5
3 8

1 9
1 3
1 2

4 9
3 2
4 3

10 4
2 4
4 2

5 8
3 2
3 3

9 7
5 4
2 2

7 4
7 2
1 4

1 6
1 4
1 2

7 9
2 7
4 1

1 8
1 6
1 1

3 4
3 2
1 3

8 3
8 1
4 1

7 8
3 4
7 5

9 5
8 1
6 5

10 8
10 3
9 6

2 10
2 8
1 8

7 5
5 1
2 5

5 3
5 1
5 3

8 5
8 4
7 2

9 9
5 9
1 8

4 2
2 2
1 1

5 7
1 1
1 6

4 10
1 9
1 8

9 2
2 1
9 1

1 6
1 1
1 4

10 3
10 2
4 1

8 8
5 6
1 6

7 8
6 8
2 4

3 4
1 3
2 4

8 10
4 10
3 2

4 4
2 3
3 4

8 2
6 1
2 1

1 7
1 1
1 3

6 1
5 1
3 1

4 7
3 7
4 7

1 5
1 1
1 2

6 1
3 1
2 1

5 7
5 2
3 3

7 9
2 6
6 7

2 1
1 1
2 1

8 6
6 1
3 1

8 6
3 5
7 1

4 6
1 6
4 1

5 6
5 3
1 3

8 9
4 3
6 8

70 89
7 77
38 4

11 49
9 21
11 43

72 46
11 13
68 21

59 26
59 18
36 15

52 30
15 4
12 19

88 84
61 13
51 36

93 45
92 44
44 3

36 22
30 10
28 14

95 75
58 9
29 35

15 12
11 9
4 1

38 38
3 11
26 17

90 63
51 48
41 35

95 51
57 6
75 41

71 11
66 8
5 8

83 88
33 84
12 10

33 91
22 83
21 18

76 81
27 42
66 67

72 35
46 20
12 25

38 75
37 54
33 52

13 75
1 32
5 10

18 86
18 47
5 63

74 73
34 2
14 12

59 20
15 9
17 2

72 86
34 60
25 10

80 51
55 44
17 27

26 53
13 51
23 40

75 66
64 59
43 46

15 85
7 16
2 14

22 98
9 48
14 84

86 95
70 49
56 91

36 31
3 20
8 1

45 95
39 91
1 83

19 75
2 47
12 17

68 46
18 41
59 14

68 70
20 3
4 29

29 22
21 15
11 11

43 45
6 28
6 14

17 56
9 45
14 25

46 39
30 8
3 20

96 73
65 8
71 35

75 19
30 5
28 5

60 87
37 84
1 27

61 75
61 30
18 63

87 42
23 18
34 31

18 54
4 6
1 11

23 42
13 27
3 3

48 35
39 13
48 15

37 47
5 10
27 9

17 39
9 22
4 22

85 58
83 38
1 31

97 29
34 3
3 4

61 51
50 10
44 31

96 56
62 21
16 48

51 58
42 20
47 50

69 46
10 13
59 45

81 23
23 6
23 10

48 14
9 13
1 1

67 50
54 2
48 31

100 48
32 45
82 10

41 82
8 20
18 37

26 98
17 70
7 89

50 26
44 21
24 16

81 57
16 31
19 34

91 43
41 23
59 13

37 94
1 49
9 82

89 50
75 37
72 48

86 94
45 41
31 81

32 77
31 54
30 34

87 39
61 29
19 2

88 80
71 18
34 29

67 12
34 5
22 5

92 69
27 47
64 18

43 13
35 2
5 12

44 14
15 13
44 7

67 69
58 67
51 11

42 62
42 44
41 55

25 66
6 22
1 30

43 65
34 7
27 7

13 77
4 36
13 74

26 39
26 4
7 9

49 46
43 43
6 26

44 92
18 22
12 22

74 77
32 56
32 47

65 68
26 25
27 57

65 95
20 87
54 11

63 25
9 5
29 5

99 66
38 3
38 6

16 78
13 54
3 5

55 19
35 16
52 1

90 59
13 21
62 49

72 19
31 11
22 10

47 39
47 14
47 37

95 14
59 5
23 10

45 88
40 1
42 85

27 17
1 5
25 7

34 99
16 52
15 59

52 88
46 42
14 32

18 14
1 3
12 9

98 21
40 3
12 9

50 36
11 35
15 11
