1000

1 6
1 5
1 4

3 8
1 5
1 2

7 2
3 2
1 2

7 3
2 3
2 2

6 9
1 4
2 5

8 3
3 1
4 1

6 10
3 3
5 4

2 10
2 7
2 9

5 9
5 7
3 6

6 6
2 6
5 2

7 8
5 7
7 5

2 5
1 5
1 3

8 2
8 2
5 2

4 1
2 1
1 1

2 4
1 3
1 4

6 6
3 6
5 2

2 4
1 3
1 4

6 2
6 1
6 2

10 3
9 1
4 1

7 1
3 1
2 1

2 2
2 1
2 2

4 10
2 4
2 6

5 10
4 2
4 10

5 5
4 2
3 1

2 10
1 6
2 9

5 5
4 1
3 5

8 10
7 1
5 5

3 6
3 1
1 5

7 9
5 4
5 2

8 2
3 1
4 2

10 7
10 4
5 1

4 9
2 1
2 8

7 1
6 1
4 1

3 2
2 1
1 1

3 1
3 1
2 1

7 3
5 3
3 2

9 6
5 1
1 4

7 6
6 5
2 2

9 3
5 1
1 2

6 1
4 1
6 1

8 7
6 3
2 7

5 8
4 6
3 8

1 9
1 5
1 2

6 2
3 1
5 2

9 4
6 3
9 2

4 1
4 1
1 1

4 6
4 4
2 5

7 10
4 3
4 10

6 7
4 3
4 1

5 10
4 2
1 8

9 2
8 2
2 2

5 7
5 3
3 7

3 6
3 3
1 6

5 4
5 1
2 4

5 3
2 2
1 3

9 1
3 1
7 1

6 1
5 1
2 1

10 7
6 6
2 2

7 7
5 5
5 1

2 3
2 3
2 1

1 8
1 8
1 1

2 5
1 1
2 4

6 6
6 3
4 4

3 1
2 1
1 1

7 6
1 2
3 1

8 1
4 1
5 1

10 1
10 1
8 1

2 7
2 4
1 6

9 10
5 5
6 8

8 9
1 2
6 9

9 9
9 8
4 3

4 4
1 4
3 3

6 1
4 1
6 1

9 6
9 1
5 6

6 10
1 9
4 7

3 2
3 2
1 1

9 9
1 2
4 1

3 3
2 1
1 2

8 10
8 7
3 10

4 7
1 3
3 1

2 5
2 4
2 1

1 6
1 6
1 2

10 7
6 6
7 5

2 1
1 1
2 1

9 3
1 1
7 3

3 4
3 4
2 1

3 8
3 4
2 3

8 7
4 2
3 2

9 1
9 1
7 1

1 4
1 3
1 4

8 3
6 2
8 1

5 1
5 1
2 1

4 3
4 1
4 2

9 6
4 5
9 5

6 3
1 2
4 3

7 7
5 3
1 4

4 10
3 5
1 4

4 1
2 1
4 1

8 9
2 3
5 9

5 6
4 6
1 3

2 1
2 1
1 1

6 6
5 5
3 1

8 4
2 2
2 3

2 2
1 2
2 1

2 1
1 1
2 1

6 10
6 5
1 7

3 1
1 1
2 1

2 7
2 5
1 1

4 2
3 1
4 1

4 1
3 1
4 1

5 6
2 6
2 4

3 7
1 4
3 5

3 6
1 5
2 5

10 4
6 4
7 1

1 4
1 3
1 1

1 8
1 3
1 8

6 10
6 9
1 8

3 8
1 2
2 3

1 3
1 3
1 1

10 2
9 1
10 2

10 3
10 3
1 3

9 4
3 4
6 3

5 7
1 2
2 1

5 9
3 1
3 3

5 4
1 2
4 2

5 2
5 2
2 1

5 3
2 2
1 3

2 2
2 1
1 2

3 9
2 1
1 3

7 10
3 6
4 6

1 9
1 1
1 5

8 7
6 3
4 4

5 5
2 4
3 1

2 10
2 8
1 2

10 10
10 3
5 5

5 4
4 2
5 2

4 8
3 6
2 5

10 3
5 3
1 1

6 7
4 2
5 7

5 4
1 1
2 4

2 10
1 2
1 7

10 4
4 4
6 1

7 7
7 1
5 4

5 8
3 4
2 6

7 1
2 1
3 1

7 5
6 4
2 3

10 9
7 6
6 1

9 7
5 7
1 2

5 4
4 4
1 1

3 6
2 6
1 5

1 3
1 1
1 3

1 2
1 1
1 2

5 8
3 5
4 8

10 5
1 1
5 4

10 3
4 2
9 1

10 6
2 4
10 4

3 7
1 3
2 7

6 1
2 1
1 1

10 3
2 1
3 2

1 3
1 2
1 3

1 5
1 4
1 5

5 3
2 3
1 2

2 1
2 1
1 1

1 4
1 1
1 4

7 9
7 6
3 6

1 4
1 2
1 4

5 8
4 8
2 8

6 1
1 1
4 1

10 10
4 1
7 7

5 10
2 2
3 1

5 7
4 3
5 1

7 7
4 3
6 6

3 6
2 3
3 2

7 9
2 5
4 4

6 5
5 3
6 5

10 8
6 8
6 6

2 3
2 2
2 3

5 5
1 3
2 5

7 1
4 1
7 1

4 4
3 2
4 1

3 4
3 4
2 3

7 9
3 3
4 6

6 4
6 2
6 4

4 7
1 7
4 3

9 6
5 3
5 1

2 4
2 1
1 3

3 4
1 1
2 2

10 7
1 1
5 1

7 4
5 1
2 3

3 2
1 1
3 2

1 3
1 1
1 2

3 3
3 1
3 3

10 4
2 3
8 4

3 6
2 6
3 5

9 4
4 2
4 1

5 4
1 4
3 4

2 10
1 9
1 10

8 1
5 1
3 1

5 2
4 2
3 2

7 6
6 2
2 4

3 7
1 3
1 1

1 7
1 2
1 7

6 2
2 1
3 1

9 5
9 4
3 5

7 3
6 1
5 1

6 6
2 2
5 3

2 4
2 3
2 1

4 3
4 2
2 1

9 2
3 2
3 1

4 7
3 3
2 1

10 2
3 2
2 2

4 10
1 7
4 5

7 5
3 2
1 3

9 3
3 2
9 2

9 1
3 1
8 1

7 4
7 1
6 1

3 5
1 1
1 2

6 6
5 1
4 5

3 6
3 2
1 1

6 1
6 1
3 1

2 1
1 1
2 1

9 2
6 2
1 1

1 8
1 8
1 2

3 9
1 6
2 6

1 9
1 9
1 4

8 1
2 1
1 1

7 1
7 1
2 1

6 1
1 1
2 1

2 4
1 4
1 2

1 5
1 2
1 1

7 4
6 3
4 3

5 1
4 1
1 1

10 4
4 4
6 3

4 2
1 2
4 2

3 8
3 3
1 2

3 2
3 2
1 2

3 4
3 3
2 3

3 5
1 1
3 5

4 2
1 1
4 1

2 3
1 1
1 3

3 2
1 2
2 1

6 9
5 8
1 6

10 8
8 7
4 3

5 5
4 3
5 2

4 8
1 2
3 1

10 7
2 1
3 6

9 1
4 1
9 1

1 2
1 1
1 2

10 3
8 3
4 3

3 1
3 1
2 1

6 9
3 5
2 3

6 3
5 2
6 2

2 7
1 1
2 4

1 8
1 8
1 1

9 7
2 2
4 6

9 8
7 8
6 4

3 7
1 7
2 1

8 7
3 2
6 4

9 3
5 3
6 1

10 1
5 1
8 1

4 9
3 9
2 9

10 10
10 10
9 7

3 3
3 2
1 1

10 3
7 1
4 3

7 9
1 4
2 5

4 4
2 2
3 2

3 1
1 1
2 1

7 8
1 5
4 2

4 10
1 4
1 9

3 5
3 5
3 3

1 4
1 3
1 1

3 3
2 3
3 1

10 6
5 1
6 3

1 2
1 1
1 2

1 6
1 2
1 1

10 7
5 4
8 3

4 9
1 1
2 5

7 9
6 9
4 6

5 8
4 5
4 2

2 8
2 1
1 7

5 4
4 2
5 2

7 8
5 6
6 8

8 6
4 3
6 4

6 4
2 1
5 1

2 7
2 6
2 5

2 9
1 8
2 9

10 3
9 1
3 2

7 9
4 7
1 3

6 8
1 2
5 3

4 4
4 4
3 4

3 9
1 5
2 9

5 9
3 4
3 6

4 8
2 4
1 3

7 1
3 1
1 1

10 8
1 7
6 1

9 1
7 1
8 1

2 4
1 3
1 1

8 10
2 3
2 5

7 4
2 2
2 1

4 10
3 3
1 1

2 6
1 3
2 4

2 5
2 5
2 2

2 10
2 5
2 7

8 6
7 6
5 3

3 9
2 5
1 1

9 10
1 1
9 1

8 7
3 5
6 4

7 2
2 2
5 2

6 8
4 4
3 6

8 4
4 3
5 1

5 5
2 3
3 4

10 6
8 6
8 2

9 5
6 1
9 3

3 6
1 4
1 3

10 10
3 9
3 2

1 4
1 1
1 3

7 2
7 1
4 2

6 4
3 3
6 3

8 10
4 10
6 1

2 4
2 1
1 2

4 10
1 1
2 5

5 4
3 3
5 3

4 9
4 2
3 2

6 9
5 4
2 1

5 9
5 8
2 9

8 3
8 2
5 2

5 8
5 4
3 4

10 9
4 1
5 8

7 1
2 1
6 1

10 4
10 2
8 4

2 2
1 2
2 2

2 7
2 6
1 2

7 10
5 4
4 3

3 4
1 1
3 3

1 5
1 4
1 1

2 3
2 1
2 2

2 6
1 4
1 1

1 8
1 6
1 2

2 2
2 1
2 2

7 3
3 3
2 3

7 10
1 3
2 4

5 1
5 1
1 1

4 9
1 7
2 7

8 1
1 1
5 1

2 1
1 1
2 1

3 4
2 1
2 2

6 4
1 3
4 1

10 5
6 5
8 2

8 6
2 4
8 2

6 8
5 3
3 2

1 10
1 7
1 5

3 8
1 4
2 8

4 6
4 4
4 2

2 10
1 4
1 5

3 3
3 1
3 3

4 2
2 2
4 2

1 10
1 5
1 1

9 4
1 3
2 1

7 9
2 6
2 8

2 10
2 5
1 2

9 1
4 1
2 1

6 7
1 3
1 6

3 7
3 2
3 3

9 1
7 1
5 1

9 7
8 6
7 2

10 8
2 4
2 7

2 1
1 1
2 1

8 3
8 1
3 2

3 8
3 1
3 4

1 8
1 7
1 6

6 9
4 1
4 9

2 1
2 1
1 1

3 3
2 1
2 2

2 5
1 3
2 1

9 7
3 7
4 4

3 2
1 2
2 1

6 5
4 3
2 3

6 4
1 2
6 3

1 2
1 1
1 2

9 6
2 5
6 4

3 7
1 1
2 3

4 6
1 3
3 5

9 10
9 6
3 8

3 6
3 4
1 4

3 9
1 2
3 4

1 8
1 7
1 6

1 10
1 7
1 5

10 6
7 6
8 1

6 8
3 1
4 2

5 2
4 2
1 2

4 2
4 1
3 1

2 4
1 1
1 3

1 5
1 5
1 1

2 2
2 1
1 1

4 7
3 1
4 2

3 7
3 1
1 5

1 5
1 4
1 1

3 10
2 10
1 3

2 6
2 4
1 4

7 5
3 3
6 2

4 3
4 2
1 3

4 10
3 9
2 3

10 10
6 6
10 1

6 10
6 6
3 5

10 8
1 5
8 8

3 2
2 1
3 1

4 9
2 9
4 9

10 7
2 7
1 4

7 9
1 2
7 1

7 4
7 4
4 4

7 7
6 6
5 4

7 4
7 3
1 1

8 1
5 1
3 1

4 10
2 4
3 8

7 1
1 1
2 1

3 3
2 3
2 1

7 9
5 1
4 1

10 5
6 4
5 3

6 4
3 1
2 2

3 5
1 2
2 5

9 8
1 7
5 3

5 3
5 1
2 3

4 6
1 5
4 5

1 9
1 7
1 2

2 7
2 2
1 3

6 1
4 1
1 1

6 10
3 8
5 4

8 6
3 1
6 5

5 4
1 4
4 2

4 3
3 3
2 3

4 6
2 1
3 6

2 9
1 2
1 4

10 1
2 1
7 1

10 5
3 1
7 3

2 9
2 7
1 4

6 2
5 1
6 2

2 6
2 6
2 1

8 2
7 1
2 1

6 9
2 5
6 3

8 4
7 4
3 1

6 6
2 4
4 2

5 7
4 4
1 7

9 9
4 2
6 5

5 2
5 2
2 1

8 2
2 2
2 1

2 5
1 4
1 2

8 1
7 1
4 1

9 1
5 1
1 1

2 3
2 1
1 1

2 1
2 1
1 1

3 7
3 7
2 7

3 1
2 1
1 1

10 9
3 7
1 7

10 7
8 6
6 4

3 1
2 1
3 1

7 10
1 1
5 6

6 7
4 7
1 5

7 2
5 1
1 2

5 2
2 2
2 1

2 3
2 2
1 2

3 9
1 6
2 6

9 4
8 1
7 4

6 8
2 4
3 4

3 5
1 4
2 2

10 1
8 1
2 1

4 9
3 2
2 1

1 2
1 1
1 2

1 10
1 2
1 5

9 2
9 1
5 1

8 9
7 6
5 7

8 9
5 7
6 9

6 3
4 3
1 3

2 6
2 3
2 6

6 6
5 6
5 1

5 7
5 5
4 2

4 8
3 8
2 3

2 6
1 4
1 2

10 6
4 3
7 5

4 6
4 1
1 1

7 7
5 5
5 2

1 9
1 5
1 3

1 4
1 3
1 4

8 4
7 4
5 4

3 10
1 8
2 9

2 1
2 1
1 1

3 5
1 5
3 5

5 7
5 1
4 2

10 1
7 1
5 1

8 3
4 2
5 2

10 5
3 5
1 2

5 10
1 1
3 7

10 10
8 4
9 10

9 10
7 5
9 5

4 10
2 6
2 3

10 6
3 1
4 2

8 6
7 6
6 1

1 6
1 2
1 1

8 8
5 8
7 5

1 4
1 1
1 2

4 8
2 5
4 5

4 4
3 3
3 2

2 4
2 1
2 4

2 7
2 1
2 3

1 10
1 2
1 8

10 2
4 2
1 1

2 9
1 9
1 4

7 8
2 4
7 4

7 10
1 10
5 7

8 5
6 5
3 3

9 10
2 2
6 9

6 5
3 1
2 4

5 9
3 3
4 5

1 3
1 3
1 2

2 10
1 5
1 4

4 9
4 9
1 5

9 6
5 2
5 1

5 3
5 3
1 1

5 6
2 1
3 3

8 7
7 1
8 1

3 3
2 2
1 2

7 10
3 2
7 5

1 6
1 3
1 1

4 8
3 4
4 5

10 2
10 1
8 1

4 7
4 7
1 1

3 9
3 9
1 9

7 5
1 5
5 2

1 9
1 3
1 6

9 10
3 10
3 2

7 1
7 1
3 1

8 2
2 1
1 1

6 4
2 3
2 2

3 5
2 3
3 5

6 2
1 2
3 2

2 1
2 1
1 1

4 1
1 1
3 1

2 7
2 7
1 6

6 9
2 6
2 3

7 10
1 2
4 5

8 5
4 2
2 3

4 10
1 9
4 4

7 7
7 7
5 3

2 4
2 4
1 2

3 4
1 2
1 3

9 1
8 1
9 1

6 6
4 2
6 6

6 10
3 6
5 4

6 2
4 1
1 1

3 5
3 4
1 3

10 8
1 7
10 4

3 4
3 3
3 2

3 1
3 1
2 1

4 2
1 2
4 1

10 5
4 3
9 3

5 9
2 9
3 5

4 2
1 1
4 2

4 6
2 1
4 6

8 6
2 3
1 3

5 4
4 1
1 3

8 7
8 2
3 3

2 1
2 1
1 1

2 2
1 1
2 2

5 3
1 1
2 2

1 7
1 5
1 2

9 6
1 3
9 5

2 7
2 3
1 2

7 3
2 1
7 1

8 6
7 6
4 4

9 4
7 3
9 4

7 8
3 4
6 1

4 7
4 1
4 2

9 8
5 1
7 5

3 9
3 7
2 1

6 7
6 3
3 7

3 1
3 1
1 1

8 9
2 3
6 7

3 2
2 1
3 2

9 3
5 1
7 3

9 8
7 4
3 2

1 8
1 8
1 2

10 10
9 10
7 5

1 8
1 8
1 3

7 8
3 4
3 1

3 7
1 4
1 3

5 1
2 1
5 1

9 8
2 2
7 1

6 2
2 2
2 1

4 4
3 3
1 3

9 2
9 1
1 2

7 5
3 4
4 2

8 9
2 2
7 7

5 6
5 6
3 4

4 8
3 1
2 7

6 9
1 1
6 2

6 7
4 2
6 6

9 3
3 1
4 2

10 5
4 2
3 5

9 4
1 2
5 2

6 3
4 1
3 1

9 9
5 6
9 8

1 4
1 3
1 1

10 2
10 2
4 2

2 4
2 1
2 3

10 2
5 2
10 2

2 1
2 1
1 1

6 9
3 8
4 2

6 5
3 2
1 4

8 3
4 2
8 2

3 2
2 2
2 1

2 2
2 1
2 2

8 8
3 6
2 4

9 4
1 3
3 4

8 5
3 2
4 2

4 10
2 1
1 1

9 6
7 4
9 3

9 7
7 3
6 1

4 6
3 3
1 2

4 6
3 4
4 6

3 3
1 2
2 3

5 8
2 2
5 8

7 7
4 5
5 5

10 8
5 3
6 7

2 3
1 2
2 2

5 5
4 5
1 5

6 3
1 2
5 1

2 8
2 1
1 2

9 9
8 9
9 4

6 4
1 1
5 2

3 1
3 1
1 1

8 10
3 5
4 3

6 10
3 5
1 6

4 2
3 2
1 2

1 2
1 1
1 2

1 9
1 7
1 1

8 3
3 3
7 2

2 8
2 3
2 8

2 9
2 2
2 5

2 9
2 2
2 5

10 3
9 2
4 2

6 6
5 2
3 1

9 1
1 1
9 1

6 10
2 4
2 9

10 1
4 1
1 1

5 10
2 3
3 3

7 2
3 2
6 2

2 4
1 1
2 4

5 4
5 1
5 3

9 5
2 3
1 4

9 4
9 1
9 3

3 3
1 1
3 1

2 5
1 5
1 4

3 2
2 2
1 1

1 2
1 2
1 1

1 5
1 1
1 4

6 7
2 7
4 3

4 9
1 2
3 7

6 9
1 7
6 3

5 3
3 3
3 1

3 9
1 9
1 4

1 3
1 1
1 3

5 9
1 7
1 3

2 1
2 1
1 1

3 8
2 2
2 8

3 6
3 6
1 6

5 3
2 3
3 2

3 2
2 2
1 1

6 2
2 2
3 1

7 7
3 1
5 1

9 1
7 1
5 1

1 8
1 6
1 7

1 8
1 5
1 7

9 9
2 2
1 7

3 3
2 1
3 1

9 8
9 3
1 6

9 10
1 5
6 8

10 2
5 1
4 1

9 3
3 2
2 3

6 10
1 4
3 6

6 10
2 10
3 9

8 6
5 4
5 1

8 9
4 9
6 8

5 6
5 4
1 1

10 9
7 1
4 5

2 9
1 3
2 7

10 3
2 2
9 2

5 2
3 2
1 2

5 7
4 3
2 7

7 1
4 1
1 1

6 3
3 3
5 2

5 7
2 5
3 5

4 6
1 5
4 4

6 3
2 2
1 1

10 3
9 3
8 3

7 4
5 2
3 1

6 5
4 2
1 4

3 6
1 4
1 3

5 4
4 3
1 1

5 1
5 1
4 1

3 4
2 2
2 1

7 9
1 6
3 6

1 6
1 6
1 3

1 8
1 2
1 7

2 9
2 1
1 3

5 2
5 2
1 1

1 8
1 5
1 7

4 4
1 2
3 2

10 3
3 1
4 1

9 9
9 2
2 9

7 10
7 1
7 7

4 10
2 9
4 1

2 8
1 7
2 2

2 1
1 1
2 1

7 10
4 5
2 9

6 9
5 3
4 9

8 9
7 4
7 2

8 7
7 2
1 3

7 8
6 8
5 7

3 5
1 4
2 5

8 10
7 6
8 4

1 3
1 3
1 1

3 4
2 4
2 1

9 10
2 5
4 8

1 5
1 4
1 3

4 2
1 2
4 2

5 10
3 6
1 4

5 9
5 8
1 1

5 7
2 5
2 7

1 6
1 4
1 1

7 9
2 7
6 6

7 7
3 1
3 3

9 6
4 1
5 2

9 2
3 2
5 2

5 3
5 2
2 1

7 4
1 1
5 1

8 9
6 9
8 8

2 10
2 5
2 4

6 7
2 3
6 2

5 8
1 3
5 1

7 7
3 2
5 5

1 2
1 2
1 1

10 9
1 5
10 1

8 7
2 4
2 1

2 8
2 6
1 7

4 6
4 4
4 6

2 6
1 5
2 4

8 6
1 3
4 1

7 9
5 3
4 4

3 9
2 8
1 9

3 1
2 1
3 1

6 10
6 7
6 6

7 8
5 2
3 1

6 10
5 9
2 10

9 6
3 5
7 3

2 3
1 1
2 1

6 8
2 7
5 8

9 9
3 6
6 3

2 9
1 5
2 6

4 9
3 1
2 9

8 5
3 2
1 3

6 7
4 5
2 3

1 7
1 1
1 2

9 8
4 5
6 1

8 9
8 8
6 9

10 5
5 2
2 5

1 8
1 8
1 7

7 8
2 2
4 3

2 7
1 1
2 6

6 6
6 3
3 5

6 5
3 3
6 2

9 6
2 2
8 2

9 5
9 1
4 4

9 7
2 7
2 2

6 4
1 4
6 1

4 3
2 1
1 1

3 2
1 2
3 2

4 5
4 3
1 3

10 7
8 5
9 1

1 5
1 4
1 1

1 2
1 2
1 1

10 8
6 4
6 6

6 5
2 1
5 4

1 4
1 2
1 3

3 10
1 3
1 10

1 4
1 1
1 2

7 2
3 1
2 2

1 5
1 4
1 3

5 7
2 2
3 7

6 3
3 3
2 2

8 8
2 3
3 8

8 5
2 1
2 5

1 10
1 6
1 10

2 2
1 1
2 1

4 10
1 6
2 9

8 6
3 3
6 5

4 7
1 3
3 4

4 10
4 2
1 7

3 5
1 4
2 5

8 4
2 1
6 1

4 6
1 2
3 2

9 5
8 1
9 3

4 3
4 2
1 3

8 4
7 1
3 4

9 7
1 3
4 1

8 4
6 3
2 4

2 9
1 7
2 5

9 9
6 2
4 9

8 1
3 1
7 1

9 1
3 1
2 1

9 3
1 1
4 3

5 7
5 2
4 7

2 3
1 3
1 1

4 9
1 6
4 1

9 3
9 2
7 2

6 10
2 6
3 10

6 3
3 1
4 3

7 8
2 2
6 5

1 3
1 1
1 3

8 6
6 5
1 3

2 2
1 2
2 1

6 8
4 3
5 5

3 3
1 2
1 1

7 4
1 3
2 4

6 10
6 3
3 7

2 5
1 1
1 4

7 10
7 4
1 5

5 5
5 3
2 3

7 4
5 2
2 2

10 9
4 8
8 2

3 10
3 8
3 5

5 2
3 1
5 1

1 2
1 2
1 1

7 4
7 4
7 1

4 3
2 3
4 1

6 10
2 6
5 6

9 8
6 4
6 2

10 9
2 9
1 6

10 5
8 2
6 1

4 4
2 3
2 1

8 6
7 2
3 1

8 3
6 1
4 3

6 10
6 8
2 1

8 7
4 2
7 1

6 2
5 1
6 1

8 6
5 4
7 6

1 9
1 7
1 8

3 4
1 4
3 2

1 10
1 6
1 3

7 2
4 2
5 2

8 4
8 1
7 4

8 1
1 1
6 1

2 2
2 2
2 1

10 7
7 1
9 2

9 10
3 2
8 6

7 4
2 4
1 3

10 1
1 1
3 1

4 3
3 3
2 1

1 6
1 3
1 4

3 1
3 1
2 1

2 4
2 3
1 2

10 7
4 3
2 1

1 4
1 4
1 2

6 10
2 10
1 4

6 9
1 1
5 4

4 1
3 1
2 1

3 3
2 3
1 1

8 2
6 1
8 1

9 10
4 1
2 10

10 6
9 6
9 5

8 8
7 8
4 4

6 4
3 3
2 1

7 3
6 1
2 3

6 10
2 6
6 9

2 6
2 2
1 1

1 5
1 3
1 2

1 4
1 2
1 4

8 3
5 2
1 2

6 8
6 5
3 6

7 8
1 8
1 6

9 4
5 4
2 2

6 2
1 2
3 1

4 10
1 10
2 2

3 5
3 2
1 3

4 1
4 1
3 1

1 3
1 1
1 2

1 9
1 9
1 6

5 5
4 3
3 5

9 7
2 5
4 4

6 10
4 10
2 8

9 2
9 2
1 1

2 7
2 6
2 4

6 4
2 1
3 4

1 3
1 3
1 2

3 4
2 1
3 1

8 5
4 3
3 4

3 5
1 2
3 4

4 1
4 1
2 1

9 4
7 2
6 1

1 8
1 8
1 3

7 6
2 5
2 4

10 3
2 2
9 1

23 99
20 40
18 3

56 53
26 32
32 19

77 70
34 61
59 41

53 24
47 7
42 5

60 39
43 18
27 19

57 75
54 53
56 18

72 46
61 25
39 4

12 19
8 14
2 9

93 17
90 7
12 12

36 37
24 13
2 23

30 68
30 61
1 11

82 13
45 2
45 4

32 14
18 14
27 4

60 24
48 19
5 6

48 22
41 13
32 12

42 99
16 22
27 52

70 92
37 53
53 19

97 43
39 21
76 3

80 75
40 14
29 23

26 64
12 45
9 3

93 96
50 10
44 79

98 27
39 23
93 3

62 39
46 33
54 39

45 100
26 1
10 20

78 12
22 12
14 11

75 99
44 11
22 59

12 56
7 27
2 20

45 94
42 26
36 4

45 24
6 3
1 21

21 26
12 19
14 16

56 91
51 90
21 87

93 84
88 78
76 75

47 71
28 32
15 46

44 23
3 23
38 13

34 58
4 22
18 25

70 50
50 34
44 35

61 61
44 61
57 48

97 96
80 85
20 18

96 22
23 4
73 19

84 63
2 13
29 13

52 27
23 4
48 16

47 34
26 8
27 12

39 65
14 51
25 23

38 36
10 32
17 24

38 74
12 9
34 65

53 70
34 50
41 12

71 48
13 13
46 44

53 95
39 28
10 15

62 57
10 29
58 48

21 52
2 18
6 28

31 18
30 4
30 8

16 30
5 26
13 21

77 82
9 69
41 27

71 95
43 55
52 17

25 21
17 16
17 9

12 74
3 29
11 8

87 54
74 7
40 36

85 37
11 6
78 2

11 100
3 68
6 92

31 73
12 15
19 14

84 41
69 6
8 39

61 52
59 42
2 3

43 80
22 47
8 67

29 89
19 86
17 10

76 88
20 16
66 85

88 88
58 42
32 81

85 41
26 16
4 20

82 55
29 20
13 8

26 37
17 25
12 19

97 87
62 66
55 58

96 11
43 11
82 7

45 17
3 16
31 2

57 41
55 40
47 36

29 35
2 34
11 22

12 41
3 30
11 16

79 32
18 20
76 27

42 26
41 15
31 21

12 37
4 20
12 4

41 80
7 50
34 65

75 68
5 30
53 2

92 16
41 7
3 4

44 76
33 21
18 44

68 64
32 24
65 7

77 70
76 18
19 36

18 90
7 40
6 42

56 78
46 69
18 24

78 60
30 56
73 36

46 28
26 2
16 1

42 80
8 50
21 42

87 52
11 40
50 35

91 25
7 20
83 13

81 43
40 24
63 7

22 28
14 17
17 5

74 80
22 71
6 55

29 73
9 31
19 1

53 47
10 6
34 22

37 28
29 1
10 18

17 59
14 27
9 42

86 74
22 69
17 13

88 59
26 39
40 3
