300

9785849127995

97

807399251

7065628.70

0.978685

1234567890123456.

0.0000000005

1062714725.16

0.000000003

2256.718

52922774.508

0.000000084

10

416.296828

481244331.353

907103.577

0.00000009821

104242481892

905042859868004

65.878

0.000000121

4747474747474747.

3029.13477

87.309092

0.000002352

0.0000000354

7352

121.1

1976254455311

171564092812.0

592587516732109

93929.0370

6

775.380

243803965.741

2249667933090

61498760515710

99.92

748839.0850

0.000000006

958.97535

0.0791693

0.653

78332492670

5000021.884

0.00000000071

7.2760935

490460492265187

3294244.84

2464982.51

0.0000000075

5450.755

0.000

597857605704965

6770477081.9

5

0.0000000012

17659.99

0.0000000021

61896566861

612404205.417

5.824

7471096.90

4312.4325634

9999999999999999

561394594400451

0.000000411

0.0000004

0.0076

868347481.992

511.5289

22285.28673

54351616360649

573827.8728

7829939994939

32638393652887

0.0592319

5048812.7

5012078.5

1.00

9999

0.88

281.6

3155768153921

100.0

5928714.1

89883

518790636.072

156412566942316

5806.6

41305.142

1576836065005.2

2240222.4

0.00000000000008

99128377263.4

1221372051636

0.0000000001

48105423

2842022588.6

2.92

9.45

3205814736.5

0.0000000026

8.610318

613016393553

76391663307

1234567890123456

0.044

550829037898.6

6941787866831.0

989632411408846

6364.49561

2005.65594

77916714171.1

0.000041

59934

0.00000000067

28149.42017

99769067748840

123.48756

64.139298

69393.1633

4936540.7

5010016114686.5

28856083.393

777796.9774

9030540942.91

19510589.841

58488013071535

366187086358109

0.0009677

1991026040.23

0.000000000831

305772247843.5

12345.678

0.000044

156.245

0.00000007039

59579167.08

467.67686

0.05654

5504.49687

9752850275515.1

395.004459

0.00006164

8464115874938

72.295370

0.0016726

789265.068

36440110.31

843671752.34

4336367072.69

6464395462.33

369661.1

0.000000074

1

0.000003

50610.72

131326478760

21426.31

5132420510805

81425604864566

8696066.6937

8.9353

3370.3874

7821.79178

832073745925048

0.0

0.0000000091

0.00021

0.000021465

0.000000000881

727628842589444

8371071

1307430741783

0.00822377

87001685369545

3.1415926

112000547863396

3214681.4

20139.72255

0.038308

178151999.2

603232173298

8738293719.1

0.00000000001

205.6

5841.8475

0.001

0.0000001

1.13770

139

95178312794.3

0.00

9542972.66

100

6263708116.86

254539.431

374

958.4

0.02

364162600921154

0.000538

0.69774

1.

7.1626643

370065256724

0.34707

58009.6091

64.66

0.

0.000000000004747

539272602947485

5682027586373

1.000

3105089.129

863645451972969

788558713241785

0.00000000877

2126362.358

0.3245432

611780791629086

121.0

5437.044

21079844.581

34228147.9

0.000000000012

974634288600658

6195758712578.1

877813375406.6

0

16.68593

147311620.42

3053739

346867302043.3

0.000006

0.0003

290271.5

526581202023

827283348088597

2915035317.4

0.0003

9611.123

9.674709

6.5

0.0000000000062

3430666.8392

0.00084

3.8185

78195237

47208786159622

0.0000093973

8383.33

0.6

1.0

8391880.3499

769987420030413

27340.544

0.15100

624191675795.4

653722182784864

0.05288

67060911

513.7919

439757.88

0.00000000001

6.2495

0.000000000070

0.0056

46995857822

218324.271

369.6900

63408438273

10.0

658387.5167

1649609.1480

8502188.915

0.06354056

0.0000000063

8.224

0.000777

0.000000096

506037.842

0.91145

0.000000500000000

0.0064

1910

0.000000000000000

0.000629

0.00006

4.7510

49949788.2

141773.62

626614980242964

814324321544

392.8619

0.000000000005

4.40179

547702701408.0

50613611380.82
