101

16 52
BWBWWBWWBWWWWBWW
0 1
0 2
0 4
0 5
0 6
0 7
0 12
0 15
1 4
1 6
1 7
1 8
1 9
1 11
1 13
1 14
2 5
2 6
2 8
2 9
2 11
2 14
3 5
3 8
3 11
3 13
4 7
4 15
5 6
5 8
5 15
6 10
6 13
6 14
6 15
7 9
7 10
7 12
7 14
8 12
8 14
9 10
9 13
9 14
10 11
10 15
11 12
11 14
11 15
12 15
13 14
14 15

17 14
WBBBBBBBWBWBBBBBB
0 2
0 5
1 3
1 6
2 8
2 9
4 8
4 14
6 7
6 15
8 11
8 14
9 10
13 14

39 353
BBBWBBBWWWBBWWBWWBBWWBBBBBBBBWWWWWBBBBW
0 1
0 2
0 8
0 11
0 12
0 13
0 15
0 16
0 22
0 26
0 27
0 28
0 31
0 32
0 33
0 37
0 38
1 2
1 3
1 4
1 7
1 8
1 10
1 11
1 13
1 14
1 17
1 23
1 24
1 26
1 27
1 30
1 31
1 32
1 33
1 35
1 37
1 38
2 6
2 10
2 11
2 13
2 15
2 16
2 23
2 26
2 27
2 29
2 31
2 33
2 38
3 4
3 7
3 8
3 9
3 13
3 15
3 18
3 19
3 23
3 25
3 29
3 30
3 33
3 35
3 36
4 7
4 8
4 9
4 10
4 12
4 13
4 16
4 17
4 18
4 19
4 21
4 22
4 23
4 26
4 28
4 29
4 30
4 32
4 33
4 36
5 11
5 14
5 17
5 18
5 20
5 23
5 24
5 25
5 27
5 28
5 29
5 31
5 32
5 35
5 36
5 37
5 38
6 8
6 11
6 13
6 19
6 20
6 21
6 24
6 25
6 27
6 34
7 8
7 9
7 11
7 13
7 14
7 15
7 16
7 17
7 18
7 21
7 22
7 24
7 31
7 37
8 9
8 12
8 14
8 16
8 24
8 25
8 29
8 32
8 36
8 37
9 13
9 15
9 17
9 19
9 20
9 24
9 26
9 30
9 31
9 33
10 11
10 12
10 14
10 15
10 16
10 24
10 29
10 30
10 33
10 35
10 36
10 38
11 12
11 15
11 16
11 19
11 20
11 21
11 22
11 27
11 28
11 29
11 30
11 31
11 36
11 37
11 38
12 13
12 20
12 21
12 24
12 25
12 28
12 30
12 31
12 32
12 33
12 36
13 14
13 15
13 17
13 18
13 19
13 20
13 22
13 25
13 30
13 32
13 35
13 36
14 15
14 20
14 21
14 25
14 27
14 28
14 30
14 31
14 33
14 36
15 16
15 17
15 23
15 25
15 27
15 29
15 30
15 31
15 33
15 34
16 20
16 21
16 22
16 23
16 24
16 25
16 26
16 27
16 28
16 36
17 19
17 20
17 24
17 25
17 30
17 32
17 35
17 38
18 20
18 21
18 24
18 29
18 31
18 32
18 34
18 36
18 37
18 38
19 20
19 23
19 24
19 25
19 26
19 27
19 28
19 29
19 30
19 31
19 35
19 37
19 38
20 21
20 22
20 23
20 25
20 28
20 29
20 31
20 32
20 38
21 22
21 24
21 25
21 26
21 28
21 29
21 30
21 32
21 33
21 35
21 37
22 24
22 25
22 26
22 27
22 29
22 30
22 31
22 34
22 35
22 37
23 25
23 26
23 28
23 29
23 33
23 36
23 37
24 26
24 27
24 28
24 29
24 30
24 33
24 34
24 36
24 37
25 26
25 30
25 34
25 35
25 38
26 27
26 28
26 29
26 32
26 33
26 34
26 35
26 36
27 29
27 31
27 32
27 34
27 36
27 37
28 29
28 32
28 33
28 37
28 38
29 30
29 31
29 33
29 34
29 35
29 38
30 32
30 33
30 34
30 35
30 36
31 32
31 34
31 35
31 36
31 37
32 33
32 35
32 37
33 34
33 37
34 37
36 37
36 38
37 38

44 515
WBBBBWBWBWWWBWWWBBWWWWWWBWWWWBWWWBBWWWWWBBWW
0 1
0 3
0 4
0 5
0 8
0 9
0 11
0 12
0 13
0 14
0 15
0 17
0 19
0 20
0 21
0 22
0 23
0 25
0 27
0 28
0 29
0 30
0 32
0 34
0 36
0 37
0 39
0 40
0 41
0 43
1 2
1 3
1 4
1 6
1 7
1 9
1 12
1 13
1 14
1 21
1 24
1 25
1 27
1 28
1 30
1 31
1 32
1 33
1 39
1 40
1 41
2 4
2 5
2 8
2 10
2 11
2 12
2 16
2 17
2 18
2 19
2 20
2 25
2 29
2 33
2 38
2 39
2 40
2 43
3 4
3 6
3 8
3 10
3 15
3 16
3 17
3 19
3 21
3 22
3 25
3 26
3 27
3 30
3 31
3 32
3 34
3 39
3 42
3 43
4 6
4 11
4 12
4 13
4 15
4 16
4 19
4 21
4 22
4 23
4 24
4 27
4 28
4 29
4 31
4 33
4 34
4 35
4 37
4 38
4 39
4 41
4 42
5 6
5 8
5 13
5 16
5 18
5 20
5 21
5 22
5 25
5 26
5 27
5 28
5 35
5 36
5 39
5 40
5 42
5 43
6 9
6 10
6 11
6 12
6 14
6 16
6 18
6 19
6 21
6 22
6 24
6 26
6 28
6 31
6 32
6 34
6 35
6 37
6 39
6 40
6 42
6 43
7 8
7 9
7 10
7 11
7 12
7 13
7 14
7 15
7 17
7 19
7 20
7 21
7 25
7 26
7 29
7 30
7 32
7 33
7 34
7 37
7 38
7 40
7 42
7 43
8 9
8 12
8 13
8 14
8 16
8 17
8 18
8 19
8 21
8 25
8 26
8 28
8 30
8 31
8 34
8 37
8 38
8 40
8 43
9 10
9 11
9 13
9 14
9 17
9 18
9 19
9 20
9 21
9 23
9 24
9 25
9 26
9 30
9 31
9 33
9 34
9 35
9 37
9 39
9 40
10 13
10 16
10 17
10 18
10 20
10 22
10 23
10 24
10 25
10 27
10 28
10 29
10 30
10 41
10 42
10 43
11 13
11 14
11 16
11 17
11 20
11 21
11 27
11 28
11 32
11 34
11 35
11 36
11 38
11 39
11 40
12 17
12 18
12 20
12 21
12 22
12 24
12 25
12 26
12 27
12 29
12 30
12 32
12 36
12 39
12 40
12 41
12 43
13 15
13 16
13 20
13 21
13 22
13 27
13 28
13 30
13 32
13 35
13 38
13 40
14 15
14 16
14 18
14 19
14 20
14 22
14 23
14 24
14 28
14 29
14 33
14 35
14 36
14 37
14 38
14 39
14 40
14 41
15 16
15 17
15 18
15 19
15 20
15 25
15 33
15 34
15 39
15 40
15 41
15 42
16 18
16 20
16 22
16 25
16 26
16 30
16 31
16 32
16 34
16 39
16 40
16 41
16 42
16 43
17 22
17 24
17 27
17 29
17 30
17 33
17 37
17 40
17 41
17 42
18 20
18 23
18 26
18 27
18 28
18 30
18 32
18 34
18 35
18 36
18 38
18 39
18 40
18 41
18 43
19 21
19 22
19 23
19 24
19 25
19 26
19 29
19 30
19 31
19 32
19 33
19 34
19 36
19 40
19 43
20 21
20 23
20 24
20 25
20 30
20 31
20 33
20 34
20 35
20 36
20 38
20 40
20 41
20 42
20 43
21 23
21 24
21 28
21 30
21 32
21 33
21 34
21 43
22 23
22 24
22 25
22 26
22 29
22 30
22 36
22 37
22 39
22 42
23 24
23 25
23 27
23 28
23 29
23 30
23 32
23 33
23 34
23 36
23 37
23 38
23 39
23 40
23 43
24 27
24 28
24 29
24 30
24 31
24 32
24 33
24 34
24 36
24 37
24 38
24 40
24 41
25 27
25 28
25 31
25 32
25 36
25 37
25 41
25 42
25 43
26 28
26 32
26 35
26 37
26 38
26 40
26 41
26 42
27 28
27 29
27 30
27 32
27 33
27 35
27 36
27 39
27 40
27 41
27 43
28 29
28 33
28 34
28 36
28 39
28 42
29 31
29 34
29 37
29 42
30 31
30 35
30 36
30 37
30 38
30 39
30 40
30 41
30 42
30 43
31 32
31 33
31 35
31 38
31 39
31 40
31 41
32 33
32 35
32 37
32 39
32 42
32 43
33 34
33 35
33 39
33 40
34 35
34 37
34 38
34 40
34 42
35 36
35 37
35 41
35 43
36 37
36 38
36 40
36 41
36 42
36 43
37 39
37 41
37 42
37 43
38 39
38 40
38 42
38 43
39 40
40 41
40 42
40 43
41 42
42 43

34 362
WBWBWWBWBWWWWWBWWBBWWBWWWBBWWWWWWB
0 1
0 2
0 3
0 4
0 5
0 7
0 9
0 10
0 11
0 12
0 14
0 15
0 16
0 17
0 18
0 19
0 23
0 26
0 28
0 29
0 30
0 31
0 32
0 33
1 2
1 3
1 5
1 7
1 9
1 10
1 11
1 13
1 14
1 15
1 16
1 18
1 19
1 22
1 23
1 24
1 29
1 31
1 32
1 33
2 4
2 5
2 8
2 9
2 10
2 11
2 12
2 14
2 15
2 19
2 20
2 24
2 26
2 27
2 28
2 29
2 30
2 32
2 33
3 4
3 5
3 7
3 8
3 10
3 11
3 12
3 14
3 15
3 17
3 19
3 20
3 21
3 22
3 24
3 27
3 29
3 32
4 5
4 6
4 8
4 12
4 13
4 14
4 15
4 17
4 18
4 21
4 22
4 24
4 25
4 26
4 27
4 28
4 33
5 6
5 8
5 9
5 10
5 15
5 16
5 17
5 19
5 21
5 22
5 23
5 24
5 26
5 31
6 8
6 9
6 10
6 12
6 13
6 14
6 15
6 16
6 19
6 20
6 23
6 24
6 25
6 26
6 27
6 29
6 31
7 8
7 9
7 10
7 11
7 13
7 14
7 16
7 18
7 21
7 24
7 25
7 26
7 27
7 30
7 31
7 32
7 33
8 9
8 10
8 12
8 13
8 14
8 15
8 19
8 20
8 21
8 22
8 23
8 24
8 25
8 26
8 27
8 28
8 30
8 31
8 32
9 11
9 13
9 14
9 15
9 17
9 19
9 21
9 23
9 25
9 26
9 28
9 29
9 30
9 31
9 32
9 33
10 11
10 12
10 14
10 16
10 17
10 19
10 20
10 21
10 22
10 24
10 26
10 27
10 29
10 31
10 32
11 12
11 13
11 14
11 16
11 18
11 20
11 21
11 22
11 23
11 24
11 25
11 26
11 27
11 30
11 31
11 32
11 33
12 14
12 15
12 16
12 17
12 18
12 19
12 20
12 24
12 25
12 27
12 28
12 29
12 30
12 31
12 32
13 14
13 16
13 17
13 18
13 20
13 22
13 23
13 25
13 26
13 27
13 31
13 32
14 16
14 17
14 18
14 19
14 20
14 22
14 23
14 24
14 27
14 28
14 31
14 32
14 33
15 17
15 19
15 20
15 21
15 23
15 24
15 25
15 26
15 27
15 28
15 30
15 31
15 32
15 33
16 18
16 20
16 21
16 22
16 23
16 24
16 25
16 26
16 27
16 28
16 29
16 30
16 32
16 33
17 18
17 19
17 23
17 24
17 25
17 27
18 19
18 22
18 24
18 25
18 28
18 29
18 31
19 20
19 22
19 24
19 25
19 26
19 27
19 28
19 30
19 32
19 33
20 21
20 22
20 23
20 26
20 28
20 29
20 31
20 33
21 22
21 23
21 24
21 25
21 26
21 27
21 28
21 30
21 31
21 32
22 23
22 24
22 25
22 28
22 29
22 30
22 31
22 32
22 33
23 24
23 25
23 26
23 28
23 30
23 32
23 33
24 25
24 26
24 28
24 31
25 27
25 28
25 29
25 31
25 32
26 28
26 32
26 33
27 28
27 30
28 30
28 32
28 33
29 30
29 31
29 32
30 32
31 32
31 33
32 33

16 86
BWWBWWBBBWWBWWBB
0 1
0 2
0 3
0 4
0 5
0 7
0 8
0 9
0 10
0 12
0 14
0 15
1 2
1 3
1 4
1 5
1 6
1 7
1 8
1 9
1 11
1 12
1 13
1 14
2 3
2 4
2 6
2 7
2 8
2 9
2 10
2 12
3 4
3 5
3 7
3 8
3 9
3 10
3 11
3 12
3 13
4 5
4 8
4 11
4 12
4 13
5 6
5 7
5 8
5 10
5 11
5 12
5 14
5 15
6 8
6 9
6 10
6 11
6 13
6 14
6 15
7 9
7 10
7 11
7 12
7 13
7 14
7 15
8 9
8 10
8 12
8 14
9 13
9 14
10 11
10 12
10 13
10 14
10 15
11 12
11 15
12 13
12 14
12 15
13 14
13 15

26 137
WBWBBWWWWWWBBWWBBWWWBWBWBW
0 1
0 2
0 4
0 5
0 8
0 12
0 15
0 16
0 18
0 19
0 20
0 23
0 24
1 2
1 6
1 8
1 9
1 10
1 11
1 13
1 14
1 18
1 19
1 24
1 25
2 5
2 7
2 9
2 12
2 18
2 19
2 21
2 25
3 10
3 12
3 18
3 21
3 25
4 8
4 16
4 19
4 20
4 22
4 25
5 9
5 12
5 13
5 15
5 19
5 20
5 24
6 8
6 9
6 12
6 18
6 24
7 9
7 10
7 11
7 13
7 14
7 15
7 16
7 17
7 22
7 24
7 25
8 9
8 10
8 11
8 13
8 14
8 18
8 19
8 25
9 11
9 12
9 15
9 18
9 20
9 21
9 22
10 14
10 19
10 23
10 24
10 25
11 12
11 13
11 14
11 24
12 15
12 17
12 18
12 20
12 22
12 23
12 24
12 25
13 14
13 17
13 20
13 22
13 23
14 15
14 17
14 21
14 22
14 24
14 25
15 16
15 21
15 22
15 23
15 25
16 17
16 18
16 21
16 23
16 25
17 20
17 22
18 19
18 20
18 24
19 21
19 22
19 24
20 22
20 23
20 24
21 22
21 23
22 23
23 24
23 25
24 25

23 4
BBBBBBBBBBBBBBBBBBBBBBB
2 5
3 12
6 9
18 22

34 237
WWWWWWBBWBWWBWWWWWWWWBWWBWBWWWWBWW
0 2
0 3
0 5
0 6
0 8
0 11
0 16
0 18
0 19
0 20
0 21
0 22
0 25
0 28
0 30
0 31
1 2
1 3
1 4
1 7
1 9
1 11
1 12
1 14
1 15
1 17
1 18
1 22
1 23
1 25
1 30
2 3
2 5
2 6
2 7
2 8
2 9
2 10
2 11
2 18
2 24
2 27
2 28
2 29
2 32
3 5
3 6
3 8
3 10
3 11
3 12
3 15
3 21
3 23
3 24
3 25
3 31
3 32
4 5
4 6
4 7
4 9
4 11
4 12
4 13
4 16
4 17
4 28
4 30
4 31
4 33
5 7
5 9
5 10
5 12
5 13
5 15
5 18
5 19
5 23
5 25
5 29
5 30
6 12
6 16
6 20
6 21
6 23
6 24
6 25
6 27
6 30
6 31
6 32
6 33
7 12
7 13
7 16
7 21
7 22
7 23
7 24
7 27
7 32
8 12
8 17
8 19
8 21
8 26
8 28
8 31
8 32
9 10
9 15
9 17
9 23
9 25
9 26
9 31
9 32
9 33
10 11
10 12
10 15
10 17
10 21
10 27
10 28
10 29
10 30
10 31
10 32
11 13
11 16
11 17
11 20
11 21
11 22
11 24
11 25
11 26
11 27
11 28
11 29
11 31
11 32
12 13
12 18
12 21
12 22
12 24
12 29
12 31
12 32
12 33
13 16
13 21
13 24
13 27
13 28
13 29
13 30
13 31
14 19
14 23
14 25
14 26
14 27
14 32
14 33
15 19
15 21
15 22
15 24
15 25
15 26
15 33
16 17
16 18
16 20
16 29
16 32
17 20
17 21
17 23
17 24
17 25
17 28
17 29
17 30
17 33
18 23
18 27
18 29
18 30
19 32
20 21
20 23
20 33
21 23
21 26
21 29
21 32
21 33
22 25
22 27
22 28
22 29
22 30
22 33
23 24
23 30
23 31
23 32
24 25
24 27
24 28
24 31
24 32
24 33
25 26
25 27
25 28
25 31
25 32
26 29
26 30
26 32
27 28
27 31
28 31
28 32
28 33
29 33
30 31
30 33
31 33

22 3
BBBBBBBBBBBBBBBBBBBBBB
2 6
2 7
8 21

35 240
WWWWWWWWWWWWWWWWWWWWWWWBWWWWWWWWWWW
0 2
0 6
0 8
0 10
0 12
0 13
0 14
0 18
0 22
0 26
0 28
0 29
0 33
1 2
1 10
1 11
1 12
1 15
1 20
1 24
1 26
1 27
1 28
1 31
1 32
2 4
2 5
2 7
2 14
2 15
2 18
2 30
2 32
3 4
3 6
3 7
3 10
3 13
3 14
3 19
3 20
3 21
3 22
3 27
3 29
3 31
4 5
4 7
4 11
4 13
4 14
4 18
4 19
4 22
4 24
4 25
4 27
4 28
4 29
4 32
4 34
5 8
5 13
5 17
5 21
5 24
5 27
5 29
5 30
5 34
6 7
6 8
6 10
6 11
6 12
6 13
6 15
6 17
6 18
6 26
6 28
6 31
6 32
6 33
6 34
7 8
7 9
7 10
7 15
7 16
7 21
7 22
7 26
7 27
7 28
7 29
7 30
7 31
7 33
8 10
8 19
8 20
8 21
8 22
8 24
8 28
8 29
9 10
9 13
9 17
9 19
9 21
9 23
9 24
9 25
9 27
9 28
9 30
9 32
10 12
10 13
10 15
10 16
10 17
10 19
10 21
10 26
10 27
10 28
10 30
10 34
11 12
11 13
11 15
11 19
11 23
11 24
11 27
12 18
12 21
12 26
12 27
12 33
13 20
13 21
13 23
13 25
13 27
13 29
13 30
13 32
14 16
14 18
14 20
14 22
14 24
14 25
14 28
14 31
15 17
15 18
15 20
15 22
15 25
15 27
15 28
15 30
15 33
16 17
16 20
16 22
16 23
16 26
16 27
16 30
16 34
17 18
17 22
17 24
17 28
17 31
17 32
18 19
18 22
18 23
18 24
18 25
18 26
18 27
18 30
18 33
18 34
19 20
19 23
19 27
19 28
19 34
20 21
20 23
20 27
20 31
20 33
20 34
21 23
21 24
21 26
21 29
21 30
21 32
22 25
22 27
23 24
23 25
23 26
23 31
23 32
23 33
24 25
24 27
24 29
24 31
25 26
25 30
25 31
25 33
25 34
26 31
26 32
27 29
27 34
28 30
28 34
29 31
29 32
29 33
30 31
30 32
31 32
32 34
33 34

10 31
BWWWBWBWBB
0 1
0 2
0 3
0 5
0 7
0 8
1 2
1 3
1 4
1 6
2 4
2 5
2 7
3 4
3 5
3 6
3 7
3 8
3 9
4 5
4 6
4 8
4 9
5 6
5 7
5 9
6 7
6 8
7 8
7 9
8 9

20 99
BBBBBBBBWWBWBWWBBWBW
0 1
0 2
0 5
0 6
0 7
0 9
0 11
0 13
0 14
0 15
0 16
0 19
1 2
1 3
1 6
1 8
1 14
1 18
1 19
2 3
2 5
2 11
2 16
2 17
2 18
3 4
3 6
3 7
3 9
3 10
3 13
3 14
3 18
4 5
4 6
4 8
4 9
4 10
4 11
4 12
4 13
4 15
4 17
5 6
5 8
5 10
5 13
5 16
5 17
5 18
6 7
6 10
6 13
6 14
6 15
6 19
7 8
7 10
7 12
7 15
7 17
7 18
7 19
8 9
8 12
8 13
8 16
8 17
8 19
9 10
9 13
9 14
9 16
9 17
9 18
9 19
10 11
10 14
10 16
10 17
10 19
11 12
11 13
11 15
11 17
11 18
11 19
12 13
12 15
12 17
12 19
13 18
13 19
14 16
15 16
16 17
16 18
16 19
18 19

36 41
BWBBWBWBWWWBWBWBWBWWBBBWWBBWBWBWWWWW
0 21
1 22
1 23
1 28
2 17
2 27
3 30
4 20
4 22
4 26
4 35
5 10
5 21
5 26
5 28
5 31
6 12
6 15
6 27
8 12
8 32
9 19
9 32
12 18
14 20
14 24
14 26
14 29
15 27
15 32
15 33
16 18
16 25
18 30
18 32
19 22
20 34
20 35
21 24
23 32
32 35

40 29
BBWBBBBBBBBBBBBBBBBBBBBBBBWBBBBBBBWBBWBB
0 22
1 8
2 18
3 9
4 6
4 29
6 29
7 30
10 26
11 38
12 16
14 36
15 34
17 31
17 32
18 26
18 34
19 38
20 33
21 29
23 24
23 37
24 30
24 34
26 30
26 35
27 31
27 39
36 37

29 30
BBWBWBWWWBBBBWWWBWBWWBBBBBWBB
0 17
0 24
1 26
2 4
2 20
2 21
3 7
3 13
4 6
4 17
5 15
5 18
6 7
6 17
7 14
8 13
9 10
9 24
9 25
10 15
10 16
10 23
10 28
11 26
12 13
12 14
13 26
17 21
18 22
19 28

16 83
WWWWWBWWWWWWWWWW
0 5
0 6
0 7
0 8
0 9
0 10
0 11
0 13
0 14
0 15
1 2
1 3
1 4
1 5
1 6
1 7
1 8
1 10
1 11
1 13
1 14
1 15
2 3
2 4
2 6
2 7
2 9
2 11
2 12
2 13
2 14
3 6
3 7
3 9
3 10
3 11
3 12
3 14
3 15
4 5
4 7
4 8
4 9
4 10
4 11
4 12
4 13
5 6
5 7
5 8
5 10
5 12
5 13
5 15
6 7
6 9
6 11
6 13
6 14
6 15
7 9
7 10
7 12
7 13
8 9
8 10
8 12
8 14
8 15
9 10
9 11
9 12
9 13
9 14
9 15
10 11
10 12
10 13
10 15
11 13
11 14
12 14
13 15

37 41
BBBWBBBWWBBWBBWWWBBWWWBBBWBBBBBBBWWBB
1 15
1 27
1 33
2 18
2 26
3 10
3 13
3 16
5 11
5 27
6 13
6 14
6 35
7 25
8 24
10 29
11 12
11 29
13 16
13 19
14 27
14 33
14 34
14 36
15 35
18 26
19 28
20 28
21 24
21 25
21 33
22 25
23 31
24 35
26 35
27 30
27 33
27 35
28 34
33 36
35 36

33 252
BWBWWBBWBBWBWWBBWWBBBBWBWBBBWBWBB
0 3
0 4
0 5
0 9
0 10
0 11
0 12
0 13
0 16
0 17
0 19
0 21
0 24
0 25
0 26
0 27
0 28
0 29
0 31
1 4
1 6
1 9
1 12
1 13
1 17
1 19
1 21
1 22
1 27
1 28
1 30
1 31
2 4
2 6
2 7
2 8
2 9
2 12
2 15
2 19
2 21
2 23
2 25
2 26
2 27
2 29
2 30
3 5
3 6
3 9
3 11
3 15
3 16
3 18
3 19
3 20
3 26
3 27
3 29
3 32
4 6
4 9
4 11
4 12
4 14
4 17
4 18
4 19
4 22
4 23
4 24
4 25
4 26
5 6
5 10
5 11
5 12
5 13
5 14
5 17
5 19
5 21
5 22
5 23
5 24
5 28
5 30
5 31
5 32
6 12
6 18
6 20
6 21
6 22
6 26
6 30
6 32
7 8
7 12
7 14
7 15
7 16
7 19
7 20
7 21
7 27
7 31
8 12
8 15
8 16
8 18
8 23
8 24
8 25
8 26
9 11
9 12
9 14
9 18
9 19
9 22
9 23
9 27
9 30
9 32
10 11
10 12
10 14
10 15
10 17
10 18
10 23
10 26
10 31
11 15
11 16
11 17
11 18
11 19
11 20
11 21
11 23
11 24
11 27
11 28
11 30
12 13
12 14
12 15
12 17
12 18
12 23
12 27
12 28
12 29
12 31
12 32
13 15
13 16
13 18
13 20
13 21
13 22
13 24
13 25
13 26
13 29
13 31
14 17
14 21
14 22
14 26
14 27
14 28
14 30
15 16
15 18
15 23
15 24
15 26
15 28
15 29
16 19
16 22
16 24
16 25
16 27
16 28
16 29
16 30
16 31
17 20
17 24
17 25
17 26
17 28
17 29
17 31
18 22
18 24
18 25
18 26
18 27
18 29
18 30
18 31
19 22
19 23
19 26
19 27
19 28
19 29
19 30
19 32
20 23
20 24
20 25
20 29
20 31
21 22
21 25
21 26
21 29
22 24
22 30
22 31
23 25
23 27
23 29
23 30
24 25
24 27
24 30
24 31
25 27
25 29
25 30
25 32
26 29
26 30
26 31
26 32
27 28
27 29
27 30
27 31
27 32
28 29
28 31
28 32
30 31
30 32

27 2
BBBBBBBBBBBBBBBBBBBBBBBBBBB
12 26
20 25

20 7
BBBBBBBBBBBBBBBBBBBB
0 9
0 19
3 8
3 9
7 14
10 12
14 17

35 56
BWWBBWWWWWWWWWBWWWWBWWBWWWWWBBBWWWW
0 13
0 14
0 21
1 16
1 31
2 9
2 13
2 22
2 24
2 25
2 31
3 13
3 20
3 22
4 9
4 23
5 14
5 15
5 19
5 31
5 34
6 14
6 19
6 20
6 29
7 22
7 32
8 22
8 31
8 33
10 25
11 14
12 20
12 29
12 34
14 25
14 27
14 29
14 32
15 27
16 34
17 18
17 20
17 32
17 33
18 28
18 31
20 33
21 23
22 25
24 26
24 27
24 29
24 33
25 32
25 33

48 48
BBBBBWBWWWBBWBBBWWBWWWWWBWBWBBWBWBWWBWBWWBWWBBBW
0 29
0 45
1 9
1 16
2 12
2 27
4 25
4 29
5 23
5 31
6 12
6 25
6 40
6 47
7 12
7 39
7 42
8 12
9 10
9 20
9 38
11 14
11 28
11 42
12 14
12 22
12 29
12 41
16 32
16 38
16 40
16 42
16 43
17 32
19 29
19 42
20 38
21 23
23 43
24 40
24 47
25 34
27 36
28 30
28 41
30 35
30 37
31 39

16 21
BWWWBBBBBBWWBBWB
0 3
0 11
0 15
1 2
1 9
2 3
2 5
3 4
3 5
4 6
4 7
4 9
4 12
5 11
5 14
7 8
8 13
8 15
9 12
10 15
11 14

50 88
BBBWWBWWBBWBBBBWWBBBBWBBWBWWBWBWWBBBWBBBBWWBWBBBBB
0 33
0 39
0 42
1 22
1 33
1 42
2 12
2 46
3 38
4 6
5 23
6 12
6 20
6 35
6 44
7 8
7 12
7 25
7 28
7 29
7 30
7 43
7 47
8 10
8 15
8 18
8 21
8 23
8 43
8 44
9 32
10 24
10 25
10 30
10 31
11 19
11 28
11 37
12 23
13 14
14 38
14 39
15 20
15 26
15 31
15 35
15 40
15 41
16 28
16 39
16 41
16 42
17 35
17 37
17 46
18 48
19 40
19 45
20 23
21 24
21 28
21 42
21 46
22 27
22 48
24 28
25 33
25 37
25 39
25 42
26 30
26 35
26 38
26 47
27 31
27 38
28 30
30 31
30 40
30 49
31 37
32 37
35 40
36 39
36 45
39 48
40 45
41 48

19 10
BWBBBBWBBBBBBBBBBBB
0 16
0 18
1 14
2 9
3 6
3 17
7 12
9 17
10 16
10 18

12 7
WBWWBWWWWBBB
0 2
0 3
2 5
3 10
4 7
6 11
7 8

47 54
BBWWBBWWBWWBBBWWWWWWWWWWBBWWWBBBWBWWWWBBWWWWWBW
0 8
0 29
0 41
0 44
1 17
1 19
1 44
2 7
2 14
3 23
3 42
4 9
4 10
5 22
6 13
6 26
7 12
7 21
8 9
8 11
8 22
8 28
8 34
9 19
9 23
9 42
10 19
10 36
10 37
10 42
10 43
11 12
11 43
12 27
14 16
14 39
15 17
15 18
15 27
16 32
17 33
18 27
18 41
19 24
19 40
20 42
21 44
26 29
26 46
27 30
28 44
30 35
31 38
35 38

25 152
BWBBWBWBWBBBWWWBBWWBBWBBB
0 1
0 2
0 3
0 4
0 7
0 8
0 9
0 16
0 17
0 19
0 23
1 4
1 9
1 10
1 12
1 13
1 15
1 16
1 17
1 18
1 19
1 20
1 24
2 3
2 4
2 6
2 9
2 10
2 12
2 13
2 15
2 18
2 24
3 4
3 5
3 6
3 7
3 8
3 9
3 10
3 12
3 14
3 16
3 17
3 18
3 21
3 23
4 7
4 8
4 10
4 16
4 17
4 18
4 22
4 23
5 7
5 8
5 11
5 16
5 17
5 18
5 20
5 21
5 22
5 24
6 8
6 9
6 10
6 11
6 20
6 22
7 8
7 9
7 10
7 13
7 15
7 16
7 17
7 21
7 22
7 23
8 9
8 10
8 13
8 18
8 22
9 12
9 13
9 14
9 15
9 20
9 24
10 13
10 16
10 17
10 18
10 19
10 21
11 12
11 13
11 14
11 17
11 18
11 21
11 22
11 24
12 15
12 17
12 22
12 23
12 24
13 14
13 15
13 16
13 17
13 18
13 20
13 22
13 23
14 16
14 17
14 19
14 20
14 23
14 24
15 16
15 18
15 19
15 21
15 23
15 24
16 17
16 21
16 23
16 24
17 18
17 19
17 20
17 22
18 19
18 20
18 21
18 24
19 21
19 23
19 24
20 21
20 22
20 23
20 24
22 23
22 24

50 49
WBBBWBBBBWBBBBWBBBBBWBBBBBBWBBBWBBBWBBWBWWBBBBBWWB
0 20
0 38
0 47
1 4
1 23
1 43
2 31
2 41
3 22
4 6
4 37
5 13
6 27
6 37
6 38
7 20
7 35
8 21
8 31
8 40
9 34
9 43
10 27
11 13
11 49
12 21
12 40
12 43
13 43
14 29
14 39
15 31
15 49
16 19
17 47
18 32
20 35
22 30
27 34
27 35
27 40
29 31
29 40
31 35
35 48
37 40
37 48
40 48
44 46

13 33
WBBWBWBWWBBBW
0 2
0 5
0 10
0 12
1 3
1 10
1 12
2 3
2 8
2 9
2 12
3 4
3 5
3 6
3 9
3 11
4 6
4 7
4 8
4 10
4 12
5 6
5 12
6 9
6 10
6 12
7 8
7 11
8 10
8 11
9 10
10 11
10 12

30 6
BBBBBBBBBBBBBBBBBBBBBBBBBBBBBB
5 7
7 18
8 21
12 14
16 19
16 29

19 43
BWWBBWWWWBBBBWBWBWW
0 4
0 6
0 9
0 11
0 14
0 17
0 18
1 3
1 6
1 7
1 11
1 16
2 5
2 7
2 8
2 11
2 14
3 6
3 7
3 8
3 9
4 11
4 15
4 16
4 18
5 7
5 11
5 16
5 17
5 18
6 8
6 12
6 17
6 18
7 17
8 17
9 14
9 15
10 17
11 13
11 17
15 17
16 18

15 56
WBBBWBWBWWBWBWB
0 1
0 5
0 6
0 7
0 10
0 11
1 2
1 3
1 4
1 5
1 9
1 10
1 12
1 13
2 3
2 9
2 10
2 11
2 12
2 13
3 5
3 6
3 7
3 8
3 10
3 11
3 13
4 9
4 10
4 11
4 13
5 8
5 12
5 14
6 8
6 10
6 11
6 12
6 13
6 14
7 9
7 10
7 11
7 12
7 13
8 11
8 12
8 13
8 14
9 10
9 13
9 14
10 14
11 12
11 13
11 14

24 10
BBBBBBBBBBBBBBBBBBBBBBBB
2 12
3 21
4 15
4 22
7 20
11 12
11 23
12 22
15 19
19 23

46 23
BBBBBBBBBBBBBBBBBBBBBBBBBBBBBBBBBWBBBBBBBBBBBB
1 2
1 14
1 42
2 8
4 21
7 23
10 11
10 28
12 31
12 36
12 40
12 42
14 28
14 33
15 25
15 35
18 21
19 45
20 40
22 33
24 43
32 39
37 45

39 528
BWWWWWWBWWWBBWWWWWWWBWWWWWWWWWWWWWWBWWW
0 1
0 4
0 5
0 7
0 8
0 9
0 10
0 11
0 12
0 13
0 14
0 15
0 18
0 19
0 21
0 22
0 23
0 24
0 25
0 26
0 29
0 30
0 31
0 32
0 34
0 35
0 36
0 37
0 38
1 2
1 3
1 4
1 5
1 6
1 7
1 8
1 9
1 10
1 11
1 12
1 14
1 15
1 16
1 17
1 21
1 24
1 25
1 26
1 27
1 28
1 29
1 30
1 32
1 34
1 35
1 36
1 37
1 38
2 3
2 4
2 5
2 6
2 8
2 9
2 11
2 12
2 13
2 15
2 16
2 20
2 21
2 22
2 23
2 24
2 25
2 27
2 29
2 30
2 31
2 32
2 33
2 34
2 35
2 37
2 38
3 4
3 8
3 10
3 12
3 13
3 14
3 16
3 17
3 18
3 19
3 21
3 22
3 23
3 24
3 26
3 27
3 29
3 30
3 32
3 33
3 35
3 36
3 38
4 5
4 9
4 11
4 12
4 14
4 15
4 16
4 17
4 19
4 20
4 23
4 24
4 25
4 26
4 27
4 28
4 29
4 30
4 31
4 32
4 33
4 35
4 36
4 38
5 6
5 7
5 8
5 9
5 10
5 11
5 13
5 16
5 17
5 18
5 21
5 23
5 24
5 25
5 26
5 27
5 28
5 29
5 31
5 32
5 33
5 36
5 37
6 8
6 11
6 12
6 13
6 16
6 17
6 19
6 20
6 21
6 22
6 24
6 25
6 26
6 27
6 30
6 31
6 32
6 33
6 34
6 35
6 37
7 8
7 9
7 10
7 11
7 12
7 14
7 15
7 16
7 18
7 19
7 20
7 22
7 24
7 25
7 27
7 29
7 30
7 31
7 32
7 34
7 35
7 37
8 9
8 10
8 11
8 12
8 15
8 16
8 17
8 18
8 20
8 22
8 24
8 27
8 28
8 29
8 30
8 31
8 32
8 33
8 34
8 36
8 38
9 10
9 11
9 12
9 13
9 14
9 16
9 18
9 19
9 21
9 22
9 23
9 24
9 26
9 27
9 29
9 31
9 33
9 34
9 35
9 36
9 37
9 38
10 12
10 13
10 14
10 16
10 18
10 19
10 21
10 22
10 23
10 25
10 27
10 28
10 30
10 31
10 32
10 34
10 35
11 12
11 13
11 15
11 16
11 17
11 19
11 20
11 21
11 22
11 25
11 26
11 27
11 28
11 31
11 32
11 33
11 35
11 36
11 37
11 38
12 13
12 14
12 16
12 17
12 18
12 20
12 22
12 25
12 27
12 28
12 29
12 30
12 31
12 32
12 33
12 34
12 35
12 36
12 37
13 14
13 17
13 19
13 23
13 24
13 25
13 26
13 27
13 28
13 30
13 34
13 36
13 37
13 38
14 16
14 17
14 18
14 19
14 20
14 23
14 24
14 25
14 26
14 29
14 30
14 31
14 32
14 33
14 34
14 35
14 36
14 37
15 16
15 17
15 20
15 22
15 23
15 26
15 27
15 28
15 29
15 32
15 33
15 34
15 36
15 37
15 38
16 17
16 18
16 19
16 21
16 24
16 25
16 26
16 29
16 31
16 33
16 35
16 36
16 37
16 38
17 18
17 21
17 23
17 25
17 26
17 27
17 28
17 30
17 32
17 36
17 37
17 38
18 20
18 22
18 23
18 24
18 25
18 26
18 27
18 28
18 29
18 32
18 33
18 34
18 36
18 37
19 22
19 23
19 24
19 26
19 27
19 29
19 30
19 31
19 32
19 34
19 35
19 36
19 38
20 21
20 22
20 23
20 24
20 27
20 30
20 31
20 32
20 36
20 37
20 38
21 22
21 23
21 24
21 26
21 27
21 28
21 32
21 33
21 34
21 35
21 38
22 23
22 24
22 25
22 26
22 27
22 28
22 29
22 30
22 31
22 32
22 33
22 34
22 36
22 37
22 38
23 25
23 26
23 27
23 28
23 29
23 30
23 31
23 32
23 34
23 35
23 36
23 37
23 38
24 26
24 27
24 28
24 29
24 30
24 31
24 32
24 33
24 34
24 35
24 36
24 37
25 27
25 28
25 29
25 30
25 31
25 32
25 33
25 34
25 35
25 36
25 37
25 38
26 28
26 29
26 30
26 32
26 35
26 37
26 38
27 28
27 29
27 30
27 31
27 32
27 33
27 34
27 35
27 36
27 37
28 30
28 32
28 33
28 35
28 36
28 37
29 31
29 32
29 33
29 34
29 35
29 36
29 37
30 31
30 32
30 33
30 36
30 37
31 32
31 33
31 34
31 36
31 37
31 38
32 33
32 34
32 35
32 36
32 37
32 38
33 34
33 35
33 36
33 37
33 38
34 36
34 37
34 38
35 38
37 38

38 18
BBBBBBBBBBBBBBBBBBBBBBBBBBBBBBBBBBBBBB
1 8
1 19
3 14
5 26
7 15
8 19
9 23
11 16
11 17
11 21
15 24
17 36
19 29
20 29
22 29
25 30
31 34
36 37

16 11
BBBWBWBWBBWWWBBW
2 3
2 6
3 6
3 15
5 10
6 14
7 12
8 11
10 11
11 14
12 14

48 528
WBWWWWWBWWWWWBWWBWWWWWWWWWWWWWWBWWWWWWWWWWWWWWBW
0 1
0 2
0 4
0 6
0 8
0 9
0 12
0 14
0 18
0 19
0 22
0 23
0 28
0 32
0 36
0 38
0 39
0 40
0 42
0 46
0 47
1 4
1 7
1 9
1 11
1 12
1 15
1 16
1 18
1 20
1 23
1 27
1 28
1 30
1 32
1 33
1 34
1 35
1 36
1 39
1 40
1 42
1 45
2 3
2 6
2 9
2 10
2 12
2 13
2 22
2 25
2 26
2 28
2 29
2 34
2 35
2 37
2 38
2 45
3 5
3 6
3 7
3 10
3 11
3 14
3 15
3 20
3 22
3 23
3 24
3 25
3 28
3 30
3 32
3 40
3 43
3 46
3 47
4 5
4 6
4 9
4 11
4 14
4 15
4 16
4 19
4 20
4 21
4 22
4 24
4 29
4 31
4 32
4 33
4 34
4 38
4 39
4 43
4 44
4 45
4 47
5 6
5 8
5 11
5 13
5 19
5 21
5 24
5 25
5 27
5 29
5 31
5 33
5 36
5 38
5 39
5 41
5 42
5 44
6 7
6 8
6 10
6 11
6 12
6 13
6 14
6 17
6 19
6 27
6 29
6 32
6 34
6 35
6 36
6 39
6 40
6 41
6 42
6 44
6 46
6 47
7 8
7 10
7 14
7 18
7 19
7 22
7 27
7 30
7 32
7 33
7 34
7 38
7 43
8 13
8 14
8 17
8 18
8 19
8 20
8 21
8 22
8 25
8 26
8 34
8 37
8 38
8 42
8 43
8 44
8 45
9 14
9 15
9 17
9 20
9 21
9 24
9 25
9 26
9 27
9 30
9 31
9 32
9 33
9 36
9 37
9 39
9 46
10 11
10 14
10 15
10 16
10 18
10 19
10 21
10 23
10 24
10 26
10 28
10 31
10 32
10 35
10 38
10 40
10 41
10 46
10 47
11 12
11 15
11 16
11 18
11 19
11 22
11 23
11 24
11 25
11 26
11 27
11 30
11 34
11 35
11 36
11 40
11 41
11 43
12 13
12 14
12 15
12 18
12 20
12 24
12 25
12 26
12 28
12 29
12 30
12 33
12 34
12 37
12 38
12 41
12 43
12 45
12 46
13 14
13 16
13 25
13 26
13 27
13 31
13 32
13 33
13 34
13 35
13 38
13 40
13 41
13 43
13 46
13 47
14 15
14 16
14 17
14 18
14 19
14 21
14 26
14 27
14 28
14 29
14 30
14 31
14 32
14 33
14 37
14 40
14 42
14 43
14 44
14 46
15 18
15 19
15 20
15 21
15 22
15 23
15 25
15 32
15 36
15 37
15 39
15 40
15 41
15 42
15 43
15 44
15 45
15 46
16 18
16 19
16 20
16 29
16 30
16 31
16 32
16 33
16 37
16 38
16 40
16 42
16 47
17 19
17 21
17 22
17 24
17 25
17 26
17 27
17 29
17 30
17 31
17 38
17 41
17 42
17 43
17 44
17 45
18 21
18 22
18 25
18 26
18 31
18 32
18 35
18 36
18 38
18 39
18 45
18 47
19 21
19 22
19 28
19 29
19 32
19 33
19 35
19 38
19 39
19 40
19 42
19 44
19 45
20 23
20 24
20 25
20 26
20 27
20 29
20 30
20 35
20 36
20 39
20 41
20 46
21 24
21 25
21 26
21 27
21 30
21 31
21 32
21 33
21 34
21 36
21 40
21 41
21 43
21 46
22 29
22 31
22 35
22 36
22 37
22 39
22 40
22 42
22 44
22 45
23 24
23 28
23 33
23 34
23 35
23 40
23 41
23 42
23 45
23 47
24 27
24 30
24 31
24 32
24 33
24 37
24 38
24 39
24 40
24 43
24 44
24 46
24 47
25 28
25 29
25 30
25 32
25 33
25 39
25 42
25 46
26 27
26 31
26 34
26 35
26 36
26 37
26 39
26 41
26 42
26 43
27 28
27 31
27 37
27 38
27 39
27 44
28 29
28 30
28 32
28 33
28 35
28 38
28 42
28 44
28 45
28 46
28 47
29 31
29 33
29 34
29 35
29 37
29 39
29 41
29 42
29 43
29 45
29 46
29 47
30 34
30 36
30 44
30 47
31 32
31 33
31 34
31 36
31 37
31 38
31 40
31 42
31 43
31 44
32 36
32 38
32 44
32 47
33 39
33 42
33 44
33 46
34 36
34 37
34 40
34 42
34 43
34 44
34 45
34 46
35 38
35 40
35 43
35 44
35 45
36 39
36 40
36 41
36 42
36 43
36 44
36 45
37 39
37 41
37 42
37 47
38 39
38 40
38 42
38 44
38 46
39 40
39 42
39 45
39 46
40 42
40 44
40 45
40 46
40 47
41 42
41 45
41 46
42 44
42 46
42 47
43 45
43 47
44 45
45 47

23 40
BWBWBBWBBBBBBWWBWWBBWBW
0 1
0 9
0 19
0 21
0 22
2 10
2 14
2 16
2 18
2 22
3 8
3 11
3 13
3 14
3 15
4 18
4 22
5 7
5 10
5 17
5 20
5 21
6 10
6 18
7 8
7 22
8 15
8 18
8 20
9 18
10 17
12 15
12 19
13 16
13 18
13 21
14 16
15 17
17 19
17 22

47 58
WWWWWWWWWWWWWWWWBWWWWWBWWWWWWWWWBWWWWWWWWBWWWWW
0 10
0 11
0 18
0 45
1 2
1 34
2 36
3 14
3 18
4 28
4 30
5 15
5 35
6 37
6 42
7 23
7 28
7 43
8 25
9 43
10 11
10 25
11 12
11 14
11 27
12 16
12 24
12 33
13 25
14 24
14 27
14 33
14 39
15 18
15 21
15 26
15 31
15 37
16 37
17 21
17 31
17 44
18 45
19 44
20 44
24 27
25 36
26 29
26 32
27 43
27 44
28 30
29 40
30 31
33 36
35 45
36 46
38 40

38 18
BBBBWBBBBBBBBBBBBBBBBBBBBBBBBBBBBBBBBB
0 31
1 34
3 17
4 9
4 11
4 29
5 32
8 13
9 14
9 15
9 24
10 21
10 23
13 29
19 26
24 29
26 32
30 34

40 75
BBBBWBWWWBBBBBWBWBWBWWWBBWBWBBWWWWWBWWWW
0 29
1 2
1 3
1 10
1 16
1 18
1 25
1 37
2 32
3 7
3 20
3 21
3 24
3 26
4 7
4 23
4 31
4 32
5 14
5 20
5 28
6 10
6 11
6 36
7 12
8 10
8 24
8 26
8 27
9 17
10 13
10 20
10 24
11 22
12 25
12 30
12 34
12 35
12 37
13 21
13 24
13 31
13 36
13 37
14 18
14 25
14 27
14 29
14 36
15 21
15 35
16 22
16 26
17 23
17 28
17 35
17 39
18 33
20 23
20 26
20 39
22 23
22 26
22 28
22 31
22 37
28 29
28 32
29 33
30 38
31 35
31 39
33 35
35 37
37 39

30 142
BBWWWWBBBWBBWWWBBWBWWBBBBWBWBB
0 2
0 7
0 8
0 12
0 15
0 23
0 24
0 26
0 29
1 3
1 6
1 9
1 18
2 4
2 5
2 8
2 10
2 15
2 16
2 22
2 23
2 24
2 25
2 26
2 28
3 4
3 11
3 12
3 17
3 18
3 22
3 23
3 24
3 25
3 26
4 15
4 25
5 9
5 10
5 13
5 14
5 15
5 19
5 21
5 25
5 29
6 7
6 8
6 11
6 13
6 14
6 16
6 18
6 21
6 26
6 27
7 8
7 10
7 15
7 19
7 20
7 21
8 9
8 13
8 18
8 21
8 22
8 23
8 28
9 10
9 14
9 17
9 21
9 22
9 24
9 28
9 29
10 12
10 13
10 18
10 19
10 25
10 27
10 29
11 16
11 18
11 20
11 24
11 25
12 13
12 20
12 23
12 26
12 29
13 14
13 15
13 19
13 22
13 26
13 27
14 17
14 19
15 16
15 18
15 19
15 20
15 23
15 24
15 25
15 26
15 28
16 21
16 23
16 25
17 20
17 21
17 22
17 24
17 25
17 26
17 28
17 29
18 24
19 20
19 25
19 26
19 28
20 24
20 25
20 26
20 29
21 22
21 23
21 27
21 29
22 24
22 27
23 24
24 25
24 26
24 28
25 29

31 261
WBBWWBWWBWBBBWWWBBBWBBWBWWWWBBB
0 2
0 4
0 6
0 7
0 10
0 11
0 12
0 13
0 14
0 17
0 20
0 22
0 23
0 27
0 29
1 2
1 3
1 7
1 9
1 12
1 13
1 14
1 16
1 17
1 18
1 19
1 22
1 26
1 27
1 29
2 3
2 4
2 6
2 7
2 11
2 13
2 16
2 17
2 18
2 20
2 21
2 22
2 23
2 24
2 25
2 26
2 27
2 28
2 29
2 30
3 4
3 6
3 7
3 8
3 10
3 11
3 14
3 17
3 19
3 20
3 21
3 22
3 24
3 26
3 29
3 30
4 6
4 7
4 8
4 9
4 10
4 13
4 14
4 15
4 16
4 20
4 24
4 26
4 27
4 29
4 30
5 6
5 7
5 10
5 12
5 13
5 14
5 15
5 16
5 17
5 18
5 19
5 22
5 23
5 24
5 25
5 26
5 27
5 28
5 29
5 30
6 8
6 9
6 10
6 12
6 14
6 16
6 18
6 19
6 22
6 24
6 28
6 30
7 8
7 9
7 10
7 12
7 14
7 15
7 17
7 28
7 30
8 10
8 11
8 13
8 15
8 18
8 19
8 20
8 22
8 24
8 25
8 27
8 29
8 30
9 10
9 11
9 12
9 13
9 15
9 20
9 21
9 22
9 25
9 27
9 30
10 11
10 12
10 13
10 15
10 16
10 18
10 19
10 24
10 25
10 26
10 27
10 28
10 29
11 13
11 14
11 15
11 16
11 18
11 19
11 20
11 21
11 22
11 24
11 25
11 26
11 27
11 30
12 13
12 14
12 17
12 18
12 19
12 25
12 26
12 27
12 29
13 15
13 16
13 17
13 20
13 23
13 24
13 25
13 26
13 27
13 29
13 30
14 15
14 17
14 18
14 20
14 22
14 26
14 28
14 29
15 16
15 19
15 20
15 23
15 25
15 29
16 17
16 20
16 23
16 24
16 25
16 28
16 29
16 30
17 18
17 19
17 24
17 28
17 29
18 19
18 20
18 22
18 23
18 25
18 27
18 28
19 21
19 22
19 24
19 26
19 27
19 29
20 23
20 26
20 28
21 22
21 24
21 26
21 27
21 28
21 30
22 23
22 24
22 26
22 29
23 24
23 26
23 29
24 25
24 26
24 30
25 26
26 27
26 29
26 30
27 28
27 29
27 30
28 29
28 30

11 17
BBWWWWBBBBW
1 3
1 4
1 7
1 8
2 9
3 4
3 5
4 8
4 9
5 6
5 7
5 9
5 10
6 7
7 9
7 10
9 10

15 58
BBWWBBBBBBWWWWB
0 2
0 3
0 4
0 5
0 6
0 10
0 11
0 12
0 13
0 14
1 2
1 4
1 5
1 6
1 7
1 8
1 9
1 12
2 7
2 8
2 9
2 10
2 12
2 13
2 14
3 4
3 5
3 6
3 7
3 8
3 9
3 10
3 12
3 14
4 5
4 6
4 7
4 11
5 8
5 10
5 11
5 12
5 13
5 14
6 11
6 12
6 13
7 9
7 11
7 12
8 11
9 10
9 11
9 14
11 12
11 14
12 13
12 14

46 51
BBWBBBWBBWBWBBBBBBWWWWWBBBBBBBBBBWBBWBBBBBBBBB
0 38
1 8
2 22
2 26
2 28
2 33
2 43
2 45
3 10
3 26
3 45
6 7
6 14
6 36
7 14
7 16
7 22
8 15
8 40
9 16
9 22
9 25
9 26
10 33
10 38
11 29
11 34
11 40
12 13
13 25
13 37
14 43
15 34
16 36
18 19
19 25
20 23
20 32
21 25
27 33
28 34
28 44
28 45
29 40
30 41
31 32
32 33
32 34
33 45
36 43
38 39

33 31
BWBBWWBBBBBBWWBBWBBBBBBBBBWBWBBWB
0 10
0 21
1 23
1 32
2 12
2 18
2 29
3 8
3 12
4 8
4 22
4 29
4 32
5 7
5 26
5 29
8 32
9 14
9 23
11 22
13 14
13 31
14 32
15 30
16 30
17 22
17 24
20 25
20 26
24 28
28 30

12 47
BBWWBBBBWBWW
0 2
0 4
0 5
0 6
0 7
0 10
0 11
1 2
1 3
1 4
1 5
1 6
1 7
1 8
1 9
1 11
2 4
2 5
2 8
2 10
2 11
3 4
3 5
3 7
3 8
3 9
3 10
3 11
4 6
4 7
4 8
4 9
4 11
5 6
5 7
5 9
5 10
5 11
6 8
6 11
7 9
7 10
7 11
8 9
9 10
9 11
10 11

48 467
WWBWWWWWWWWWWWWWWBWWWBBWWWWWWWWWWWWWWWWWWWBBWWWB
0 3
0 7
0 11
0 12
0 13
0 16
0 18
0 21
0 22
0 23
0 25
0 29
0 35
0 37
0 43
0 46
1 4
1 8
1 10
1 11
1 12
1 13
1 14
1 17
1 18
1 19
1 22
1 23
1 27
1 29
1 31
1 33
1 36
1 40
1 41
1 42
1 45
1 46
1 47
2 4
2 6
2 8
2 9
2 10
2 11
2 13
2 15
2 23
2 24
2 28
2 29
2 32
2 33
2 34
2 38
2 43
2 44
2 47
3 4
3 5
3 9
3 13
3 14
3 17
3 18
3 19
3 21
3 22
3 23
3 24
3 27
3 31
3 42
3 47
4 6
4 7
4 8
4 9
4 12
4 17
4 23
4 24
4 26
4 28
4 30
4 31
4 39
4 43
4 45
5 6
5 9
5 10
5 11
5 12
5 13
5 14
5 26
5 31
5 39
5 41
5 45
5 46
6 8
6 16
6 17
6 18
6 20
6 23
6 26
6 28
6 31
6 36
6 39
6 41
6 47
7 10
7 12
7 18
7 22
7 24
7 25
7 30
7 31
7 32
7 39
7 45
7 46
8 9
8 10
8 11
8 12
8 16
8 17
8 18
8 21
8 22
8 24
8 25
8 28
8 29
8 32
8 36
8 37
8 38
8 39
8 42
9 11
9 12
9 14
9 17
9 18
9 20
9 23
9 25
9 27
9 28
9 29
9 33
9 34
9 35
9 36
10 11
10 12
10 15
10 20
10 21
10 22
10 24
10 25
10 27
10 28
10 33
10 34
10 36
10 37
10 38
10 39
10 40
10 41
10 46
11 12
11 14
11 17
11 19
11 21
11 22
11 26
11 30
11 32
11 34
11 35
11 37
11 38
11 41
11 42
11 43
11 47
12 13
12 14
12 15
12 16
12 20
12 21
12 25
12 28
12 32
12 36
12 39
12 40
12 46
12 47
13 14
13 16
13 17
13 23
13 24
13 29
13 30
13 37
13 39
13 41
13 44
14 22
14 28
14 32
14 34
14 36
14 40
14 41
14 43
14 44
14 46
15 19
15 20
15 28
15 31
15 32
15 34
15 37
15 39
15 40
15 44
15 45
15 46
15 47
16 19
16 22
16 23
16 26
16 29
16 31
16 32
16 33
16 37
16 38
16 40
16 41
16 42
16 43
16 44
16 45
16 47
17 18
17 19
17 22
17 23
17 24
17 25
17 27
17 29
17 30
17 32
17 33
17 35
17 37
17 38
17 39
17 44
17 45
17 46
18 25
18 28
18 29
18 31
18 33
18 34
18 35
18 36
18 37
18 38
18 40
18 41
18 42
18 43
19 20
19 22
19 24
19 25
19 31
19 33
19 35
19 37
19 38
19 41
19 44
19 46
20 23
20 24
20 27
20 28
20 29
20 31
20 42
20 43
20 47
21 22
21 25
21 30
21 31
21 32
21 34
21 37
21 40
21 41
21 45
21 46
22 26
22 28
22 30
22 32
22 33
22 35
22 38
22 39
22 42
22 43
22 44
22 45
22 46
23 28
23 33
23 35
23 36
23 38
23 40
23 42
23 43
23 45
23 46
23 47
24 25
24 28
24 29
24 31
24 32
24 34
24 36
24 37
24 45
24 46
25 28
25 30
25 31
25 35
25 36
25 38
25 39
25 40
26 27
26 28
26 30
26 32
26 34
26 35
26 37
26 38
26 39
26 41
26 42
26 43
27 28
27 33
27 36
27 37
27 38
27 39
27 43
27 44
27 47
28 29
28 32
28 38
28 39
28 40
28 43
28 47
29 31
29 33
29 35
29 37
29 40
29 41
29 42
29 43
30 32
30 34
30 36
30 37
30 38
30 39
30 40
30 43
30 44
30 46
30 47
31 33
31 34
31 35
31 36
31 44
31 45
32 33
32 34
32 36
32 39
32 40
32 42
32 44
32 46
33 37
33 38
33 40
33 43
33 44
33 45
34 42
34 44
34 47
35 38
35 43
36 37
36 38
37 41
37 47
38 39
38 40
38 44
39 40
39 42
39 43
39 44
39 46
39 47
40 41
40 43
40 44
40 45
41 42
41 45
41 46
42 43
42 44
42 47
43 45
43 46
43 47
45 46

27 211
BWWWWWWBWWWWWWWWWBBBWWWBWWW
0 1
0 2
0 9
0 10
0 12
0 16
0 17
0 18
0 19
0 21
0 24
0 25
1 3
1 4
1 6
1 9
1 10
1 11
1 12
1 13
1 14
1 15
1 18
1 20
1 21
1 23
1 24
1 26
2 3
2 6
2 7
2 9
2 10
2 13
2 15
2 19
2 20
2 21
2 22
2 23
2 24
3 4
3 5
3 7
3 8
3 10
3 11
3 15
3 16
3 18
3 19
3 20
3 22
3 23
3 25
3 26
4 6
4 7
4 8
4 9
4 11
4 13
4 15
4 16
4 20
4 22
4 23
4 25
4 26
5 7
5 10
5 11
5 13
5 14
5 15
5 17
5 18
5 19
5 21
5 22
5 24
6 7
6 8
6 9
6 10
6 14
6 16
6 18
6 20
6 22
6 23
6 26
7 8
7 9
7 11
7 12
7 15
7 20
7 24
8 10
8 13
8 14
8 15
8 16
8 17
8 18
8 19
8 20
8 22
8 24
8 25
9 10
9 12
9 13
9 14
9 15
9 18
9 19
9 20
9 22
9 24
9 26
10 11
10 13
10 14
10 16
10 20
10 21
10 24
10 25
10 26
11 12
11 15
11 18
11 19
11 20
11 22
11 24
11 26
12 13
12 14
12 15
12 16
12 17
12 19
12 21
12 22
12 23
12 24
12 25
12 26
13 14
13 15
13 16
13 18
13 19
13 22
13 24
13 25
14 15
14 16
14 18
14 19
14 22
14 23
14 24
14 25
15 17
15 18
15 19
15 20
15 21
15 22
15 23
15 24
15 25
15 26
16 17
16 18
16 19
16 22
17 19
17 23
17 24
17 25
17 26
18 19
18 20
18 21
18 22
18 23
18 24
18 25
19 21
19 23
19 24
19 25
19 26
20 22
20 25
20 26
21 22
21 26
22 23
22 24
22 25
22 26
23 24
23 26
24 25
24 26

12 29
WWWWWWBWWWBW
0 1
0 2
0 3
0 5
0 11
1 3
1 7
1 8
1 9
1 11
2 3
2 4
2 8
2 11
3 6
3 7
3 8
4 5
4 6
4 7
4 8
4 9
5 7
5 9
5 10
6 7
6 8
7 9
7 11

36 388
WWWWWWWWBWWWBWWWWWWWWWWWWWWWWWWWWWWW
0 2
0 5
0 6
0 7
0 8
0 11
0 13
0 16
0 17
0 19
0 20
0 22
0 23
0 25
0 27
0 29
0 31
0 32
0 34
0 35
1 3
1 5
1 7
1 10
1 12
1 13
1 17
1 18
1 20
1 22
1 23
1 24
1 25
1 27
1 29
1 30
1 32
1 33
2 3
2 4
2 5
2 6
2 7
2 9
2 10
2 11
2 14
2 15
2 19
2 20
2 21
2 22
2 23
2 25
2 26
2 27
2 28
2 29
2 30
2 31
2 33
2 35
3 4
3 6
3 8
3 10
3 11
3 13
3 17
3 20
3 21
3 22
3 23
3 27
3 28
3 30
3 32
3 33
4 6
4 7
4 9
4 10
4 13
4 14
4 15
4 16
4 17
4 18
4 20
4 21
4 22
4 23
4 24
4 26
4 28
4 29
4 30
4 31
4 32
4 34
5 8
5 9
5 11
5 12
5 13
5 14
5 17
5 19
5 20
5 21
5 22
5 24
5 25
5 26
5 27
5 29
5 30
5 31
5 32
5 34
6 7
6 10
6 11
6 12
6 13
6 15
6 16
6 19
6 20
6 21
6 22
6 27
6 28
6 29
6 31
6 33
6 34
7 8
7 10
7 11
7 12
7 13
7 15
7 16
7 21
7 22
7 25
7 26
7 28
7 29
7 30
7 31
7 32
7 33
7 34
7 35
8 9
8 10
8 12
8 14
8 16
8 17
8 18
8 19
8 26
8 27
8 29
8 31
8 32
8 33
8 34
8 35
9 10
9 11
9 13
9 14
9 15
9 18
9 19
9 20
9 21
9 26
9 27
9 28
9 32
9 35
10 12
10 14
10 15
10 16
10 17
10 18
10 20
10 23
10 24
10 25
10 26
10 28
10 29
10 30
10 31
10 32
10 33
10 35
11 13
11 16
11 19
11 20
11 24
11 27
11 28
11 29
11 30
11 31
11 32
11 33
11 34
11 35
12 15
12 16
12 18
12 19
12 22
12 24
12 25
12 26
12 28
12 29
12 30
12 32
12 33
12 34
12 35
13 14
13 15
13 18
13 19
13 20
13 21
13 23
13 24
13 27
13 29
13 30
13 31
13 33
13 34
14 15
14 16
14 17
14 18
14 19
14 20
14 21
14 22
14 25
14 26
14 28
14 29
14 30
14 32
14 33
14 34
15 16
15 17
15 18
15 20
15 22
15 25
15 26
15 27
15 30
15 34
15 35
16 18
16 19
16 20
16 22
16 25
16 26
16 27
16 28
16 30
16 32
16 33
16 35
17 19
17 22
17 23
17 24
17 25
17 29
17 33
17 35
18 21
18 22
18 24
18 25
18 28
18 29
18 30
18 33
18 34
19 20
19 21
19 22
19 23
19 26
19 28
19 29
19 30
19 31
19 34
19 35
20 21
20 22
20 23
20 24
20 26
20 27
20 31
20 33
20 34
20 35
21 24
21 25
21 26
21 29
21 33
21 34
22 23
22 24
22 25
22 28
22 29
22 30
22 33
23 24
23 26
23 27
23 28
23 29
23 31
23 32
23 34
23 35
24 25
24 27
24 29
24 30
24 31
24 32
24 34
24 35
25 28
25 29
25 31
25 32
25 33
25 35
26 27
26 28
26 30
26 31
26 33
26 35
27 28
27 29
27 31
27 33
27 35
28 29
28 30
28 31
28 35
29 30
29 31
29 32
29 33
29 34
29 35
30 31
30 32
30 34
30 35
32 33
32 34
33 35

45 26
BBBBWBWBBBBBBBBBBBBBBBBBBBBBBBBWBBBBBBBBBBBBB
0 3
0 21
2 28
2 44
3 21
4 26
6 15
6 44
8 30
8 42
11 19
14 19
15 30
16 28
16 41
18 30
18 34
19 25
24 32
24 37
25 27
26 42
30 34
31 39
31 41
37 41

43 86
BBBBBWWBBWBBBWBBWBBWBWWBBWWWBWBWBWBBBBBWBWW
0 8
0 11
0 13
0 19
0 40
2 3
2 5
2 17
2 26
2 30
2 37
3 15
3 17
3 22
3 33
3 34
4 5
4 13
4 22
4 31
4 34
5 13
5 25
5 30
5 39
6 20
6 27
7 9
7 38
8 10
8 21
8 31
8 42
9 20
9 21
9 24
9 34
9 38
10 27
11 38
12 17
13 30
13 31
13 33
13 38
14 34
15 26
16 39
17 18
17 25
17 30
17 32
17 33
17 38
17 42
18 25
18 29
19 20
19 21
19 22
20 22
20 29
20 30
20 41
20 42
21 22
21 30
21 32
21 34
21 37
22 26
24 34
25 33
25 34
26 32
26 40
28 31
28 36
29 30
30 36
31 38
32 33
33 35
35 38
35 42
39 41

48 116
WBWWWWWWWWWWBBWWWWWWBWWWBWBWWWWWWBWWBWWWBWWWWWWW
0 14
0 20
0 21
0 34
0 40
1 4
1 18
1 28
1 33
2 16
2 25
2 33
3 38
3 47
4 8
4 9
4 22
4 23
5 13
5 20
5 40
6 33
6 43
7 9
8 10
8 20
8 34
8 38
8 43
9 16
9 30
9 39
9 42
9 43
9 45
9 47
10 16
10 37
10 45
11 25
11 30
11 43
12 20
12 27
12 30
12 40
12 45
13 15
13 20
13 26
13 27
13 43
13 44
14 17
14 38
14 39
14 40
14 46
15 18
15 19
15 26
15 35
15 38
15 45
16 17
16 20
16 21
16 23
17 19
17 22
17 27
17 37
18 34
18 35
18 38
18 43
19 28
19 32
20 22
21 42
21 46
22 47
23 26
23 34
23 44
25 31
25 34
26 43
27 32
28 29
28 42
28 44
29 43
29 44
29 46
30 39
30 45
31 34
31 35
31 39
32 35
32 42
33 34
34 35
34 41
34 43
37 40
37 41
37 42
37 46
38 39
38 40
38 46
39 47
40 47
41 44

43 76
WWBWWWWWWWWWWWWWWWBWWWWWWWBWWWWWWBWBWWWWWWW
0 3
0 18
0 34
0 42
1 32
1 34
2 6
2 9
2 15
4 15
4 25
5 7
5 36
5 39
6 19
7 12
7 16
7 36
8 18
8 28
8 34
8 35
8 36
10 12
10 15
10 16
10 40
10 41
11 15
11 18
11 26
11 37
13 29
14 19
14 20
14 31
14 39
15 20
15 28
15 41
16 17
16 19
16 27
16 35
17 22
19 21
19 31
19 42
20 22
20 26
20 30
21 23
21 26
22 37
23 35
23 42
24 28
24 42
25 34
26 40
26 41
27 28
27 34
27 36
28 37
28 38
28 39
28 40
28 42
29 38
30 32
30 34
31 41
31 42
34 35
34 38

18 4
BBBBBBBBBBWBBBBBBB
3 4
3 14
4 13
10 13

40 50
WBWBBBBBBBBBWBBBBWBBWWWBWBBBWWWWBBBBBBBB
0 11
0 30
0 36
2 7
3 13
3 14
3 18
4 31
5 14
5 24
5 37
5 38
6 14
6 17
6 20
6 26
6 28
6 34
7 16
8 9
8 11
8 28
8 32
9 16
9 35
9 36
9 38
12 24
13 16
13 22
13 25
14 29
16 22
16 26
17 19
17 30
18 31
18 33
19 22
19 26
19 31
20 30
21 34
22 36
23 29
23 35
29 31
29 33
33 37
36 38

35 32
BWWWWWWWWWBWWWBWBBWWWWWWBWWBWWBWBWW
1 2
1 12
1 25
2 4
2 28
3 10
3 15
3 20
4 23
4 32
5 26
5 31
6 15
7 26
8 12
8 15
8 19
8 29
9 27
10 34
11 28
12 20
12 22
13 25
16 29
18 29
20 26
20 33
21 24
21 34
24 28
24 32

29 19
BBBWWBBBBBWWWBBBWBBWWWWBBWWWB
0 16
3 8
4 11
4 20
5 9
6 12
6 16
6 22
8 14
8 18
8 21
10 16
10 28
11 12
12 21
19 25
19 26
20 26
20 27

35 82
WWWWWWWWBWWBWWWWWWWWBWWWWWWWWWWWWWW
0 20
0 25
0 31
0 34
1 5
1 13
1 15
1 21
2 14
2 15
2 20
2 34
3 8
3 32
4 14
4 18
4 24
5 6
5 9
5 13
6 10
6 16
6 22
6 30
7 10
7 27
8 9
8 13
8 18
8 22
8 23
8 31
9 11
9 13
9 19
9 20
9 26
9 30
10 11
10 15
10 21
10 22
11 19
11 20
11 27
11 33
12 17
12 19
12 20
12 24
12 28
13 31
14 21
14 26
14 30
14 32
15 17
16 22
17 18
17 28
17 31
18 21
18 31
18 33
18 34
19 32
20 24
21 22
21 33
22 23
23 28
23 29
23 32
24 25
24 26
25 30
26 28
26 33
26 34
27 29
29 30
31 32

35 149
BBWBWBWBBBWBBWWWWBBBBWBBWWBBBWWBWBW
0 1
0 3
0 4
0 5
0 8
0 11
0 14
0 16
0 17
0 25
0 26
0 32
1 17
1 20
1 22
1 25
1 26
1 29
2 6
2 13
2 15
2 18
2 24
2 28
2 30
2 34
3 6
3 12
3 16
3 20
3 21
3 24
3 28
4 10
4 13
4 16
4 18
4 26
4 27
4 32
5 6
5 9
5 13
5 16
5 22
5 23
5 25
5 29
6 12
6 13
6 17
6 20
6 22
6 24
6 32
7 13
7 14
7 24
7 25
7 26
7 32
7 34
8 11
8 14
8 15
8 16
8 22
8 25
8 27
9 10
9 11
9 15
9 18
9 23
9 24
9 28
9 29
10 12
10 15
10 23
10 30
10 32
10 34
11 15
11 17
11 23
11 25
11 27
11 28
11 29
12 14
12 17
12 22
12 23
13 25
13 28
13 34
14 21
14 25
14 29
14 30
14 33
14 34
15 25
15 30
15 32
16 17
16 19
16 21
16 25
16 31
16 32
17 19
17 22
17 32
17 33
18 28
18 32
18 33
19 20
19 24
19 25
19 26
19 28
19 30
19 34
20 34
21 25
21 27
21 28
23 27
23 32
24 26
24 33
24 34
25 28
25 29
26 27
26 28
26 33
26 34
27 30
27 32
27 34
28 30
28 31
29 32
29 34
30 31

12 32
WWBWWBWWWWWW
0 1
0 2
0 6
0 8
0 9
0 10
0 11
1 2
1 3
1 6
1 10
2 5
2 8
2 11
3 7
3 9
3 11
4 5
4 6
4 10
4 11
5 8
5 9
6 7
6 8
6 11
7 10
7 11
8 9
8 10
8 11
9 10

22 30
BWWWWBWWBWWBWWWWWBBWWW
1 6
1 12
1 17
2 8
2 9
2 21
3 16
3 17
3 20
4 5
4 8
4 14
4 15
4 19
5 7
5 10
5 19
6 7
6 12
7 14
7 21
9 11
9 19
11 18
12 17
13 20
14 18
15 16
15 21
17 19

20 19
BWBBBWWWBBBWWWWBBBBB
0 3
0 5
1 12
2 16
3 7
3 10
3 16
3 17
4 6
4 11
4 12
5 6
5 9
6 18
7 8
8 11
9 13
9 14
13 18

40 479
WWWWWWWWWWWWBWWWWBWWWWWWWWWWWWWBWWWWWWWW
0 1
0 2
0 3
0 5
0 6
0 7
0 8
0 10
0 11
0 13
0 14
0 15
0 16
0 21
0 22
0 23
0 24
0 26
0 28
0 29
0 30
0 31
0 32
0 36
0 39
1 2
1 3
1 5
1 6
1 8
1 10
1 11
1 12
1 13
1 14
1 15
1 18
1 21
1 23
1 24
1 27
1 28
1 29
1 31
1 34
1 35
1 37
1 38
2 3
2 4
2 6
2 7
2 8
2 9
2 10
2 12
2 13
2 15
2 17
2 19
2 21
2 24
2 25
2 26
2 30
2 31
2 32
2 34
2 35
2 36
2 38
2 39
3 4
3 5
3 6
3 7
3 9
3 10
3 11
3 12
3 13
3 16
3 18
3 20
3 21
3 22
3 24
3 25
3 26
3 30
3 33
3 34
3 35
3 36
3 39
4 5
4 6
4 7
4 9
4 11
4 13
4 15
4 16
4 17
4 19
4 21
4 22
4 23
4 24
4 25
4 26
4 28
4 29
4 32
4 33
4 39
5 7
5 8
5 9
5 10
5 12
5 13
5 15
5 16
5 17
5 18
5 19
5 22
5 23
5 30
5 31
5 33
5 34
5 35
5 36
6 7
6 8
6 9
6 10
6 11
6 12
6 13
6 14
6 19
6 23
6 24
6 26
6 27
6 29
6 30
6 31
6 32
6 33
6 34
6 36
6 37
6 39
7 8
7 9
7 10
7 11
7 12
7 13
7 18
7 19
7 20
7 23
7 25
7 26
7 28
7 31
7 32
7 33
7 35
7 36
7 37
7 38
7 39
8 9
8 10
8 12
8 14
8 15
8 16
8 17
8 18
8 19
8 26
8 27
8 28
8 29
8 31
8 34
8 36
8 37
8 39
9 10
9 11
9 14
9 15
9 17
9 18
9 19
9 21
9 22
9 23
9 24
9 26
9 27
9 29
9 30
9 31
9 32
9 33
9 35
9 37
9 38
9 39
10 11
10 13
10 17
10 23
10 25
10 26
10 28
10 29
10 30
10 31
10 33
10 34
10 35
10 36
10 37
11 18
11 19
11 21
11 23
11 24
11 25
11 26
11 29
11 32
11 33
11 34
11 36
11 37
11 39
12 14
12 15
12 17
12 18
12 19
12 22
12 23
12 25
12 27
12 28
12 30
12 31
12 32
12 33
12 34
12 35
12 36
12 37
13 14
13 16
13 17
13 19
13 20
13 21
13 22
13 24
13 26
13 27
13 31
13 32
13 34
13 35
13 36
13 37
13 38
14 15
14 16
14 19
14 21
14 23
14 24
14 25
14 26
14 28
14 29
14 30
14 31
14 32
14 33
14 34
14 35
14 36
14 39
15 18
15 19
15 20
15 21
15 22
15 26
15 27
15 28
15 30
15 31
15 32
15 35
15 36
15 38
15 39
16 18
16 24
16 25
16 27
16 30
16 33
16 35
16 37
16 38
17 18
17 19
17 20
17 21
17 22
17 25
17 26
17 27
17 28
17 29
17 33
17 37
17 38
18 20
18 21
18 23
18 25
18 26
18 27
18 28
18 29
18 31
18 32
18 33
18 34
18 35
18 36
18 37
18 38
19 22
19 23
19 25
19 26
19 27
19 29
19 31
19 32
19 34
19 36
19 37
19 38
19 39
20 23
20 25
20 27
20 28
20 29
20 30
20 31
20 34
20 35
20 38
21 28
21 29
21 30
21 31
21 32
21 33
21 35
21 36
21 37
21 38
21 39
22 26
22 27
22 30
22 31
22 33
22 34
22 35
22 36
22 37
22 38
22 39
23 24
23 25
23 26
23 30
23 31
23 34
23 36
23 39
24 25
24 26
24 28
24 29
24 32
24 33
24 34
24 36
24 37
25 27
25 29
25 32
25 34
25 35
25 36
25 37
25 38
26 28
26 29
26 30
26 31
26 32
26 34
26 35
26 36
26 37
26 38
26 39
27 30
27 32
27 36
27 37
27 38
27 39
28 29
28 30
28 32
28 33
28 34
28 35
28 36
29 30
29 33
29 34
29 39
30 31
30 32
30 34
30 36
30 37
31 32
31 34
31 35
31 36
31 37
31 38
32 34
32 35
32 38
32 39
33 34
33 35
33 36
33 38
34 35
34 36
34 38
35 36
35 38
36 38
37 38
37 39
38 39

45 867
WWWWWWWWWWWBWWWWWWWWWWWWWBBWWWWWWWWWWWWWWWWWW
0 2
0 3
0 4
0 5
0 6
0 7
0 8
0 9
0 10
0 11
0 12
0 14
0 15
0 16
0 17
0 18
0 19
0 20
0 21
0 22
0 23
0 24
0 25
0 26
0 28
0 29
0 30
0 31
0 32
0 33
0 34
0 35
0 36
0 37
0 38
0 39
0 40
0 41
0 42
0 43
0 44
1 2
1 3
1 4
1 5
1 6
1 7
1 8
1 9
1 10
1 11
1 12
1 13
1 14
1 16
1 18
1 19
1 21
1 22
1 23
1 24
1 25
1 27
1 28
1 29
1 31
1 32
1 33
1 34
1 35
1 36
1 37
1 38
1 39
1 40
1 41
1 42
1 43
1 44
2 3
2 4
2 5
2 6
2 7
2 8
2 12
2 13
2 14
2 16
2 17
2 19
2 21
2 22
2 23
2 24
2 25
2 26
2 27
2 28
2 29
2 30
2 31
2 32
2 33
2 34
2 35
2 36
2 37
2 38
2 39
2 41
2 42
2 43
3 4
3 5
3 6
3 7
3 8
3 9
3 10
3 11
3 13
3 15
3 16
3 17
3 18
3 21
3 22
3 23
3 24
3 25
3 26
3 27
3 28
3 29
3 30
3 31
3 32
3 33
3 34
3 38
3 39
3 40
3 41
3 42
4 5
4 6
4 7
4 8
4 9
4 10
4 11
4 12
4 13
4 14
4 15
4 16
4 17
4 18
4 19
4 20
4 21
4 22
4 24
4 25
4 26
4 28
4 29
4 30
4 31
4 32
4 33
4 34
4 35
4 36
4 37
4 38
4 39
4 42
4 43
5 6
5 7
5 8
5 9
5 10
5 11
5 12
5 13
5 14
5 15
5 16
5 17
5 18
5 19
5 20
5 21
5 22
5 24
5 25
5 26
5 27
5 28
5 29
5 30
5 31
5 32
5 33
5 34
5 35
5 36
5 37
5 38
5 39
5 40
5 41
5 43
5 44
6 8
6 9
6 10
6 11
6 12
6 13
6 14
6 15
6 18
6 19
6 20
6 21
6 22
6 24
6 25
6 26
6 27
6 28
6 29
6 31
6 32
6 33
6 34
6 35
6 36
6 39
6 41
6 42
6 43
7 8
7 10
7 11
7 12
7 13
7 14
7 15
7 16
7 17
7 18
7 20
7 21
7 22
7 23
7 24
7 25
7 26
7 28
7 29
7 30
7 31
7 33
7 34
7 35
7 36
7 37
7 38
7 39
7 40
7 42
7 43
8 9
8 10
8 11
8 12
8 13
8 14
8 15
8 16
8 17
8 18
8 19
8 20
8 21
8 22
8 23
8 24
8 25
8 26
8 27
8 28
8 29
8 30
8 31
8 32
8 33
8 34
8 36
8 38
8 39
8 40
8 41
8 43
8 44
9 10
9 11
9 12
9 13
9 14
9 15
9 16
9 17
9 18
9 19
9 20
9 21
9 22
9 23
9 24
9 25
9 26
9 27
9 28
9 29
9 30
9 32
9 33
9 34
9 35
9 36
9 37
9 40
9 41
9 44
10 11
10 12
10 13
10 14
10 17
10 18
10 19
10 23
10 25
10 26
10 27
10 28
10 29
10 30
10 31
10 32
10 33
10 34
10 35
10 36
10 37
10 38
10 39
10 40
10 41
10 42
10 43
10 44
11 12
11 13
11 14
11 16
11 17
11 18
11 19
11 22
11 23
11 24
11 25
11 26
11 27
11 28
11 30
11 32
11 33
11 34
11 35
11 36
11 37
11 38
11 39
11 41
11 42
11 43
11 44
12 13
12 14
12 15
12 16
12 17
12 18
12 19
12 20
12 21
12 22
12 23
12 24
12 25
12 26
12 27
12 28
12 29
12 30
12 31
12 32
12 33
12 34
12 35
12 36
12 37
12 38
12 39
12 40
12 42
12 43
12 44
13 14
13 15
13 17
13 18
13 19
13 20
13 21
13 22
13 23
13 24
13 25
13 26
13 29
13 30
13 31
13 32
13 33
13 34
13 36
13 37
13 38
13 39
13 41
13 42
13 43
13 44
14 15
14 16
14 17
14 18
14 19
14 20
14 21
14 22
14 23
14 25
14 26
14 27
14 28
14 29
14 30
14 31
14 32
14 33
14 34
14 35
14 36
14 37
14 38
14 39
14 40
14 41
14 42
14 43
14 44
15 17
15 18
15 19
15 20
15 21
15 22
15 23
15 24
15 25
15 26
15 27
15 28
15 29
15 30
15 31
15 32
15 33
15 34
15 35
15 36
15 38
15 39
15 40
15 42
15 44
16 17
16 18
16 20
16 21
16 22
16 23
16 24
16 25
16 27
16 28
16 29
16 30
16 31
16 33
16 34
16 35
16 36
16 37
16 38
16 39
16 40
16 41
16 42
16 44
17 18
17 19
17 20
17 21
17 22
17 23
17 24
17 25
17 26
17 27
17 28
17 29
17 30
17 31
17 34
17 35
17 37
17 38
17 39
17 40
17 41
17 42
17 44
18 19
18 20
18 21
18 22
18 23
18 24
18 25
18 26
18 27
18 28
18 29
18 30
18 31
18 32
18 33
18 36
18 39
18 40
18 41
18 42
18 43
18 44
19 20
19 21
19 22
19 23
19 24
19 25
19 27
19 28
19 29
19 30
19 31
19 32
19 33
19 34
19 35
19 36
19 37
19 39
19 40
19 41
19 42
19 43
19 44
20 21
20 22
20 23
20 24
20 25
20 26
20 28
20 29
20 31
20 32
20 33
20 34
20 35
20 36
20 37
20 38
20 41
20 43
20 44
21 22
21 23
21 24
21 25
21 26
21 28
21 29
21 31
21 33
21 34
21 36
21 37
21 38
21 39
21 40
21 41
21 42
21 43
22 23
22 24
22 25
22 26
22 27
22 28
22 29
22 31
22 32
22 34
22 35
22 37
22 38
22 39
22 41
22 42
22 43
22 44
23 24
23 25
23 26
23 27
23 28
23 29
23 30
23 31
23 32
23 33
23 34
23 35
23 36
23 37
23 38
23 41
23 43
23 44
24 25
24 26
24 27
24 28
24 30
24 31
24 32
24 33
24 34
24 35
24 36
24 37
24 38
24 39
24 41
24 42
24 43
24 44
25 26
25 27
25 30
25 31
25 32
25 33
25 34
25 35
25 36
25 37
25 38
25 39
25 40
25 41
25 42
25 43
25 44
26 27
26 28
26 29
26 30
26 31
26 32
26 33
26 34
26 35
26 36
26 37
26 38
26 39
26 40
26 41
26 42
26 43
26 44
27 28
27 29
27 30
27 31
27 32
27 33
27 34
27 35
27 36
27 38
27 39
27 40
27 42
27 43
27 44
28 29
28 30
28 32
28 33
28 34
28 35
28 36
28 37
28 38
28 39
28 40
28 41
28 42
28 43
28 44
29 30
29 31
29 32
29 33
29 34
29 35
29 36
29 37
29 38
29 40
29 41
29 42
29 43
29 44
30 31
30 32
30 33
30 34
30 35
30 36
30 37
30 38
30 39
30 40
30 41
30 42
30 43
30 44
31 32
31 34
31 35
31 36
31 37
31 38
31 40
31 41
31 42
31 44
32 33
32 34
32 35
32 36
32 37
32 38
32 39
32 40
32 41
32 42
32 43
32 44
33 34
33 35
33 36
33 37
33 38
33 39
33 40
33 41
33 42
33 43
33 44
34 35
34 36
34 37
34 38
34 39
34 40
34 41
34 42
34 43
34 44
35 36
35 37
35 39
35 40
35 42
35 43
35 44
36 38
36 39
36 40
36 41
36 42
36 43
36 44
37 38
37 39
37 40
37 41
37 42
37 43
37 44
38 39
38 40
38 41
38 42
38 43
38 44
39 40
39 41
39 42
39 43
39 44
40 41
40 42
40 43
40 44
41 42
41 43
41 44
42 43
42 44
43 44

28 82
WWWBWWWWBWWWWWBBBWWWBBBWWBBW
0 4
0 7
0 8
0 13
0 14
0 18
0 19
0 21
0 26
1 5
1 7
1 12
1 21
1 22
2 13
2 16
2 19
3 8
3 9
3 18
3 19
4 9
4 16
4 19
4 20
4 21
5 11
5 12
5 14
6 7
6 17
6 19
7 9
7 11
7 12
7 14
7 25
7 27
8 12
8 17
8 21
8 24
8 25
9 11
9 16
9 18
9 23
9 24
9 25
10 11
10 15
10 16
10 18
11 18
11 19
12 17
12 20
12 24
12 27
13 15
13 16
13 17
13 18
13 21
13 23
13 24
13 26
14 17
14 19
14 20
14 24
14 25
15 17
15 20
15 23
15 25
16 17
17 21
17 24
18 19
18 23
19 21

20 18
BBBWBWBBBBWBWBBBBBBB
0 9
0 12
0 13
0 17
3 14
4 9
4 19
5 13
5 18
6 19
7 19
8 9
8 19
9 17
9 18
10 18
13 14
15 16

42 550
BBWBBBWWWWBWBBWWWBWWWWWWBWBWWWBWWWWWWWWWBW
0 1
0 2
0 3
0 4
0 6
0 7
0 8
0 9
0 10
0 11
0 12
0 13
0 14
0 15
0 17
0 18
0 19
0 20
0 21
0 22
0 23
0 24
0 26
0 27
0 29
0 32
0 33
0 34
0 35
0 40
1 2
1 4
1 5
1 8
1 9
1 10
1 12
1 15
1 16
1 17
1 20
1 22
1 23
1 26
1 27
1 28
1 30
1 31
1 32
1 34
1 35
1 37
1 40
1 41
2 6
2 7
2 9
2 10
2 13
2 14
2 15
2 16
2 17
2 18
2 19
2 20
2 23
2 24
2 25
2 26
2 27
2 28
2 29
2 30
2 31
2 34
2 37
3 5
3 6
3 8
3 9
3 10
3 11
3 12
3 14
3 16
3 18
3 19
3 20
3 21
3 22
3 24
3 26
3 27
3 28
3 34
3 36
3 37
3 38
3 39
3 41
4 6
4 9
4 12
4 13
4 14
4 16
4 17
4 18
4 19
4 20
4 22
4 25
4 26
4 27
4 28
4 29
4 30
4 35
4 37
4 38
4 40
5 6
5 9
5 10
5 11
5 12
5 14
5 17
5 18
5 20
5 21
5 22
5 24
5 26
5 27
5 28
5 30
5 32
5 33
5 34
5 35
5 36
5 37
5 40
6 7
6 8
6 10
6 13
6 14
6 16
6 23
6 24
6 27
6 28
6 31
6 32
6 33
6 34
6 35
6 36
6 39
6 41
7 8
7 9
7 10
7 11
7 12
7 14
7 15
7 17
7 18
7 20
7 22
7 24
7 27
7 28
7 29
7 30
7 33
7 35
7 37
7 38
7 39
7 40
7 41
8 12
8 14
8 16
8 18
8 20
8 21
8 23
8 24
8 25
8 26
8 27
8 31
8 33
8 39
8 40
8 41
9 12
9 13
9 14
9 15
9 16
9 17
9 18
9 19
9 21
9 23
9 24
9 25
9 29
9 30
9 31
9 34
9 35
9 36
9 38
9 39
9 41
10 11
10 13
10 14
10 15
10 16
10 18
10 21
10 22
10 23
10 24
10 26
10 28
10 29
10 33
10 34
10 35
10 37
10 38
10 40
11 12
11 13
11 14
11 15
11 16
11 17
11 18
11 19
11 20
11 23
11 24
11 25
11 26
11 28
11 29
11 30
11 31
11 34
11 35
11 38
11 41
12 14
12 15
12 16
12 18
12 20
12 21
12 23
12 24
12 25
12 26
12 27
12 29
12 30
12 31
12 32
12 33
12 34
12 35
12 36
12 37
12 38
12 39
12 40
12 41
13 14
13 15
13 16
13 17
13 20
13 21
13 22
13 23
13 27
13 28
13 29
13 30
13 31
13 33
13 34
13 35
13 36
13 37
13 38
13 39
13 40
14 16
14 17
14 18
14 19
14 20
14 21
14 25
14 26
14 27
14 29
14 30
14 31
14 32
14 33
14 35
14 36
14 38
14 39
14 40
14 41
15 16
15 17
15 19
15 20
15 21
15 22
15 23
15 25
15 26
15 28
15 29
15 32
15 35
15 36
15 37
15 40
16 17
16 20
16 23
16 25
16 26
16 27
16 28
16 29
16 32
16 33
16 34
16 35
16 37
16 38
16 39
16 41
17 18
17 20
17 24
17 25
17 26
17 27
17 28
17 30
17 31
17 32
17 33
17 35
17 38
17 41
18 20
18 22
18 23
18 24
18 25
18 27
18 28
18 30
18 31
18 32
18 36
18 37
18 38
18 39
18 40
18 41
19 20
19 21
19 24
19 25
19 26
19 27
19 28
19 30
19 31
19 32
19 33
19 35
19 36
19 40
19 41
20 21
20 22
20 23
20 28
20 29
20 30
20 31
20 32
20 34
20 35
20 37
20 40
20 41
21 24
21 25
21 28
21 29
21 31
21 34
21 36
21 38
21 39
21 41
22 23
22 24
22 27
22 28
22 31
22 32
22 34
22 35
22 36
22 39
23 25
23 26
23 27
23 29
23 31
23 32
23 33
23 35
23 37
23 39
24 25
24 26
24 27
24 29
24 30
24 32
24 33
24 35
24 37
24 38
24 39
24 40
24 41
25 26
25 27
25 28
25 29
25 30
25 32
25 33
25 35
25 36
25 37
25 39
25 41
26 28
26 30
26 31
26 32
26 33
26 34
26 35
26 37
26 39
26 40
26 41
27 28
27 29
27 30
27 31
27 32
27 33
27 34
27 35
27 37
27 38
27 39
28 30
28 31
28 34
28 35
28 36
28 37
28 38
28 39
29 30
29 32
29 34
29 36
29 38
29 39
29 40
29 41
30 31
30 33
30 35
30 36
30 37
30 39
31 33
31 35
31 37
31 38
31 39
31 40
31 41
32 33
32 34
32 36
32 37
32 38
32 39
32 40
32 41
33 36
33 38
34 36
34 39
34 40
35 36
35 37
35 38
35 39
35 40
36 37
36 41
37 39
37 40
37 41
38 39
38 41
39 40

47 44
BBBBBBWBWBWWBBWWWWWWWWBBBWWWBBBWBBWWBBWWWWWBBBW
0 2
1 15
3 25
3 37
3 45
4 6
4 23
5 14
5 32
5 36
7 8
7 25
7 26
8 12
8 21
8 40
10 15
10 27
10 39
11 44
13 33
14 31
15 20
15 43
16 23
16 32
16 38
17 43
18 21
18 35
18 46
19 39
20 42
23 40
23 42
24 45
25 31
28 30
28 39
28 44
32 46
34 44
36 45
37 41

36 36
WWWBWBWWBBWWBWBBBBWBWWWWWWWWWBBWBWBB
0 4
0 21
0 32
1 14
1 18
1 23
1 28
2 10
5 32
6 7
6 31
6 32
7 8
8 15
8 27
8 32
10 11
10 21
12 22
12 29
13 16
13 25
13 28
15 22
15 24
16 29
18 20
18 29
19 35
20 22
20 33
21 29
21 32
23 25
24 31
26 27

17 40
BBBWWBBBWWWBWWBWW
0 3
0 10
0 13
0 15
1 5
1 8
1 12
1 13
1 16
2 3
2 7
2 13
2 16
3 13
3 14
3 16
4 5
4 12
4 14
4 16
5 7
5 9
5 10
5 11
5 12
6 7
6 8
6 11
6 15
6 16
7 11
7 13
8 13
9 11
9 16
12 14
12 15
13 16
14 15
15 16

14 62
WWWWBBWBBBWBWB
0 1
0 3
0 4
0 5
0 7
0 8
0 9
0 10
0 11
0 13
1 2
1 3
1 5
1 8
1 10
1 11
1 13
2 3
2 5
2 6
2 7
2 8
2 9
2 10
2 11
2 12
2 13
3 5
3 8
3 9
3 13
4 7
4 9
4 10
4 11
4 13
5 7
5 8
5 9
5 11
5 12
5 13
6 8
6 9
6 10
6 13
7 8
7 9
7 11
7 12
7 13
8 9
8 10
8 11
8 12
8 13
9 12
10 11
10 12
10 13
11 12
11 13

17 48
WWBWWBBBBWBBWBBBB
0 5
0 6
0 13
0 14
1 5
1 10
1 14
2 6
2 8
2 9
2 10
2 11
2 13
2 16
3 4
3 8
3 9
3 10
3 12
3 13
4 6
4 9
5 7
5 8
5 12
5 15
6 13
6 14
6 15
7 8
7 9
7 10
7 11
7 15
8 10
8 14
8 16
9 10
9 13
10 11
10 13
10 15
11 14
11 16
12 13
13 14
13 15
14 15

12 4
BWBBWBBBWBWB
1 6
1 8
1 10
4 7

26 6
BBBBBBBBBBBBBBBBBBBBBBBBBB
2 4
5 15
7 11
8 21
9 10
20 25

34 118
BWBBWWWBBBWBBBWWWWWBBWBWBWWWWBBBWW
0 2
0 4
0 5
0 10
0 14
0 16
0 21
0 31
0 32
1 4
1 5
1 12
1 19
1 20
1 25
2 10
2 12
2 15
2 17
2 21
2 28
2 30
3 10
3 12
3 13
3 25
3 27
3 28
4 10
4 15
4 21
4 29
4 31
5 31
6 7
6 8
6 10
6 16
6 18
6 19
6 28
6 33
7 16
7 19
7 22
7 29
7 30
7 33
8 12
8 15
8 25
8 30
9 11
9 12
9 15
9 29
10 12
10 21
10 30
10 31
11 13
11 16
11 19
11 33
12 14
12 20
12 21
12 27
12 30
12 31
13 27
13 29
13 30
14 16
14 19
14 24
14 30
14 31
14 32
15 17
15 18
15 23
15 27
15 31
15 32
16 33
17 24
17 27
17 31
17 33
18 30
18 31
18 32
19 24
19 29
19 31
20 21
20 23
20 26
20 27
20 28
21 22
21 24
21 30
21 32
22 24
23 25
24 27
26 27
26 29
26 32
26 33
27 29
27 31
28 30
29 32
29 33
30 31

42 64
BWBWBBBBBBBWBWBBWWWBBWBBWBBWBBBWBWWBBBBBWW
1 10
1 11
1 18
1 19
1 35
2 14
2 17
2 31
3 20
3 28
3 31
4 12
4 39
5 32
6 21
6 24
7 15
7 27
7 38
8 13
8 16
8 21
8 38
8 39
9 32
10 12
10 23
10 28
11 17
11 27
11 38
11 41
13 31
14 18
14 37
16 31
16 33
16 34
18 25
19 21
19 23
19 27
19 41
20 26
21 26
21 28
21 31
23 38
25 34
27 39
28 34
28 40
28 41
29 37
30 39
31 34
32 37
33 38
33 40
33 41
34 37
34 40
38 40
38 41

26 102
BWBBWWBWBBBBWBWBWBWBWBWWBW
0 4
0 10
0 11
0 15
0 17
0 19
0 21
0 25
1 4
1 7
1 8
1 10
1 12
1 14
1 16
1 17
1 20
1 23
1 24
2 3
2 7
2 15
2 21
2 24
3 5
3 10
3 11
3 16
3 18
3 20
4 9
4 11
4 14
4 16
4 18
4 24
5 6
5 7
5 8
5 10
5 12
5 14
5 15
5 20
5 21
5 25
6 7
6 9
6 12
6 13
6 15
6 18
6 24
7 10
7 18
7 19
7 21
8 16
8 22
8 24
9 10
9 16
9 18
9 19
9 20
10 18
10 20
10 21
10 22
10 23
10 25
11 14
11 24
12 14
12 17
12 23
12 25
13 16
13 17
13 18
13 19
13 20
13 22
14 15
14 16
14 19
14 21
14 23
15 16
15 21
15 23
15 24
16 17
16 22
16 23
16 25
18 19
20 22
21 22
21 24
22 24
23 24

17 105
BBBBWBWWBBWBWWWBB
0 1
0 2
0 3
0 4
0 5
0 6
0 7
0 8
0 9
0 10
0 12
0 13
0 14
0 15
1 2
1 3
1 4
1 5
1 7
1 8
1 10
1 11
1 12
1 13
1 15
1 16
2 3
2 4
2 5
2 7
2 8
2 9
2 10
2 11
2 12
2 13
2 14
2 16
3 5
3 6
3 7
3 9
3 11
3 12
3 15
3 16
4 7
4 9
4 11
4 12
4 13
4 15
4 16
5 6
5 8
5 9
5 10
5 11
5 13
5 14
5 15
5 16
6 8
6 9
6 10
6 11
6 12
6 13
6 14
6 15
7 9
7 10
7 11
7 12
7 14
7 15
7 16
8 9
8 10
8 11
8 12
8 13
8 15
8 16
9 11
9 12
9 14
9 16
10 11
10 12
10 13
10 14
10 15
10 16
11 12
11 14
11 15
11 16
12 13
12 14
12 15
12 16
13 15
14 16
15 16

19 14
BBBWWBWBBBBBBWWBBBB
0 2
0 4
0 16
2 5
2 12
2 17
3 9
3 17
5 6
5 14
6 12
6 13
10 12
13 17

49 107
BWWWBWWBBBBBWWBWWWWWBBWWBBWBBWBWWBWBBWWWWWBWBWWWW
0 12
0 18
0 45
0 48
1 6
1 9
1 19
2 6
2 18
2 21
2 37
2 45
3 12
3 15
3 35
3 47
4 46
5 11
5 42
6 8
6 15
6 32
6 46
7 9
7 44
8 20
8 30
8 35
8 42
9 10
9 22
9 32
10 35
11 16
11 18
11 19
11 25
11 30
11 36
12 16
12 22
12 30
12 40
12 48
13 19
13 25
13 28
13 29
13 47
14 19
14 31
14 39
14 48
15 20
15 47
16 42
17 22
17 31
17 41
18 20
18 26
18 34
19 20
19 24
19 36
20 40
20 48
21 22
21 32
21 37
21 47
22 24
22 29
22 42
23 27
23 35
24 30
24 35
24 43
24 44
25 34
25 40
25 43
26 39
27 36
28 30
28 33
28 44
29 31
29 38
30 47
32 36
32 41
32 45
32 48
33 35
33 38
33 45
35 38
35 45
38 39
39 47
40 41
40 42
41 45
43 45
45 46

46 68
WWBWWBWBBBBWBWWWBWWBBWBBBBBBBBBBWBWBBBWBWWBWWB
0 15
0 32
1 2
1 8
1 11
1 19
1 23
1 40
3 7
3 22
3 30
4 22
5 11
5 27
6 26
6 34
6 43
7 8
8 14
8 16
8 19
8 22
8 26
8 30
8 39
10 15
10 21
10 22
10 34
10 38
10 43
11 30
11 40
12 14
13 26
13 42
14 17
15 21
15 33
16 22
16 23
17 28
17 30
18 21
18 41
18 44
19 20
20 45
22 24
22 44
23 33
24 25
24 29
25 30
26 32
26 34
27 31
27 40
27 45
28 39
28 40
29 35
31 32
31 40
33 35
33 36
33 38
35 41

13 67
WWWWBWWBWWBWW
0 1
0 3
0 4
0 5
0 7
0 8
0 9
0 10
0 11
0 12
1 2
1 3
1 4
1 5
1 6
1 8
1 9
1 11
1 12
2 3
2 4
2 5
2 6
2 7
2 8
2 9
2 10
2 12
3 4
3 5
3 6
3 7
3 9
3 10
3 12
4 5
4 6
4 7
4 8
4 9
4 10
4 12
5 6
5 8
5 10
5 11
5 12
6 7
6 8
6 9
6 10
6 11
6 12
7 8
7 9
7 10
7 11
8 9
8 10
8 11
8 12
9 10
9 11
9 12
10 11
10 12
11 12

35 9
BBBBBBBBBBBBBBBBBBBBBBBBBBBBBBBBBBB
1 5
2 16
3 15
4 16
8 22
12 32
13 18
16 17
27 31

18 31
WBWWWWWWWBWWWWBWWW
0 5
0 14
0 15
1 3
1 13
1 14
1 15
1 16
2 8
2 13
2 17
3 15
3 17
4 13
5 10
6 7
6 12
7 8
7 15
7 16
8 9
9 11
10 12
10 16
11 13
11 14
11 15
12 13
12 15
14 16
15 17

29 72
WBWWBWBBBWWWBBBWBWBWBWBBBWWBB
0 2
0 3
0 23
0 24
1 4
1 7
1 8
1 15
1 17
1 18
1 24
2 6
2 9
2 10
2 13
2 16
2 24
2 28
3 8
3 9
3 23
4 5
4 6
4 15
4 23
5 7
5 11
6 16
6 17
6 18
6 26
7 13
7 21
7 27
8 17
8 20
8 21
8 28
9 18
9 21
9 22
9 25
9 28
10 19
10 28
11 22
11 24
12 18
12 19
13 18
13 22
13 28
14 17
14 18
15 16
15 19
15 20
15 25
16 22
17 22
17 23
18 25
19 20
19 24
20 21
20 24
20 28
21 28
22 23
22 27
23 26
25 28

48 913
BBBBBWWWWWWWBBWWWWBBWBWBWBWBBBWBWWWBBBWWBWWBWBWB
0 1
0 2
0 4
0 5
0 6
0 7
0 9
0 10
0 13
0 14
0 15
0 16
0 18
0 19
0 21
0 22
0 23
0 25
0 26
0 27
0 28
0 29
0 32
0 33
0 34
0 35
0 37
0 38
0 39
0 40
0 43
0 45
0 46
0 47
1 2
1 3
1 4
1 5
1 6
1 7
1 9
1 10
1 11
1 12
1 13
1 16
1 17
1 18
1 19
1 20
1 21
1 22
1 23
1 24
1 25
1 26
1 27
1 28
1 29
1 30
1 31
1 32
1 34
1 35
1 37
1 38
1 39
1 40
1 42
1 43
1 44
1 45
1 47
2 4
2 5
2 6
2 7
2 8
2 10
2 11
2 12
2 13
2 14
2 17
2 18
2 19
2 20
2 22
2 23
2 24
2 25
2 26
2 27
2 29
2 30
2 31
2 32
2 35
2 36
2 37
2 38
2 39
2 40
2 41
2 42
2 43
2 46
2 47
3 4
3 5
3 6
3 7
3 9
3 10
3 11
3 12
3 13
3 14
3 15
3 17
3 18
3 20
3 21
3 22
3 24
3 26
3 27
3 28
3 29
3 30
3 32
3 33
3 35
3 36
3 37
3 39
3 41
3 42
3 43
3 44
3 47
4 5
4 6
4 8
4 9
4 10
4 11
4 12
4 13
4 14
4 15
4 16
4 17
4 18
4 22
4 24
4 25
4 26
4 27
4 28
4 30
4 31
4 32
4 33
4 34
4 35
4 36
4 38
4 39
4 40
4 41
4 43
4 44
4 45
4 46
4 47
5 7
5 8
5 9
5 10
5 11
5 12
5 13
5 14
5 15
5 16
5 17
5 19
5 20
5 21
5 22
5 23
5 25
5 26
5 27
5 28
5 29
5 30
5 31
5 32
5 33
5 35
5 36
5 37
5 38
5 39
5 40
5 41
5 42
5 43
5 45
5 46
6 7
6 8
6 9
6 10
6 11
6 12
6 15
6 16
6 18
6 19
6 20
6 21
6 23
6 24
6 25
6 26
6 27
6 28
6 29
6 30
6 32
6 33
6 34
6 35
6 36
6 37
6 38
6 39
6 40
6 41
6 43
6 44
6 45
6 46
6 47
7 8
7 9
7 10
7 11
7 12
7 13
7 16
7 17
7 18
7 20
7 21
7 22
7 24
7 25
7 26
7 27
7 30
7 31
7 32
7 33
7 35
7 36
7 37
7 38
7 39
7 40
7 41
7 42
7 43
7 45
7 46
7 47
8 10
8 11
8 13
8 14
8 15
8 16
8 18
8 20
8 21
8 22
8 23
8 24
8 27
8 28
8 30
8 31
8 34
8 35
8 36
8 37
8 38
8 39
8 40
8 41
8 42
8 43
8 45
9 10
9 12
9 14
9 15
9 16
9 17
9 18
9 19
9 21
9 22
9 23
9 24
9 25
9 27
9 28
9 29
9 30
9 31
9 34
9 36
9 37
9 38
9 39
9 40
9 41
9 42
9 43
9 44
9 45
9 46
9 47
10 11
10 12
10 13
10 14
10 15
10 16
10 17
10 18
10 19
10 20
10 21
10 22
10 23
10 24
10 25
10 26
10 27
10 28
10 29
10 32
10 34
10 35
10 36
10 37
10 39
10 40
10 42
10 43
10 44
10 45
10 46
11 12
11 13
11 14
11 16
11 17
11 18
11 19
11 20
11 21
11 22
11 23
11 24
11 25
11 26
11 27
11 28
11 29
11 30
11 31
11 33
11 34
11 35
11 36
11 37
11 38
11 39
11 40
11 41
11 42
11 43
11 44
11 45
11 46
11 47
12 13
12 14
12 15
12 17
12 19
12 20
12 22
12 24
12 25
12 26
12 28
12 29
12 30
12 31
12 32
12 33
12 34
12 35
12 36
12 39
12 40
12 41
12 42
12 43
12 45
12 46
13 14
13 15
13 16
13 17
13 18
13 19
13 21
13 22
13 23
13 24
13 25
13 26
13 27
13 28
13 29
13 30
13 31
13 32
13 33
13 34
13 35
13 36
13 37
13 38
13 39
13 41
13 42
13 43
13 44
13 45
13 46
13 47
14 15
14 16
14 17
14 18
14 19
14 21
14 22
14 24
14 25
14 26
14 27
14 28
14 30
14 31
14 33
14 35
14 36
14 37
14 39
14 40
14 41
14 42
14 43
14 44
14 45
14 46
14 47
15 16
15 17
15 18
15 19
15 20
15 22
15 23
15 24
15 25
15 26
15 29
15 32
15 34
15 35
15 37
15 38
15 39
15 40
15 41
15 42
15 44
15 45
15 47
16 17
16 18
16 20
16 24
16 25
16 26
16 27
16 28
16 29
16 30
16 31
16 32
16 33
16 36
16 37
16 38
16 39
16 40
16 41
16 42
16 43
16 46
16 47
17 19
17 20
17 21
17 22
17 23
17 24
17 25
17 26
17 27
17 28
17 29
17 30
17 31
17 32
17 33
17 36
17 37
17 38
17 39
17 41
17 43
17 44
17 45
17 46
18 19
18 20
18 21
18 22
18 23
18 24
18 25
18 27
18 28
18 30
18 31
18 32
18 33
18 34
18 37
18 39
18 41
18 42
18 43
18 44
18 45
18 46
18 47
19 20
19 21
19 22
19 23
19 25
19 26
19 27
19 28
19 30
19 31
19 35
19 36
19 37
19 38
19 39
19 40
19 41
19 42
19 43
19 44
19 47
20 21
20 22
20 23
20 25
20 26
20 27
20 28
20 29
20 30
20 31
20 32
20 33
20 34
20 35
20 37
20 38
20 39
20 41
20 42
20 43
20 44
20 45
20 46
20 47
21 22
21 23
21 24
21 25
21 26
21 28
21 29
21 30
21 31
21 32
21 33
21 34
21 36
21 37
21 38
21 39
21 41
21 42
21 43
21 44
21 45
21 46
21 47
22 23
22 24
22 25
22 27
22 28
22 29
22 30
22 31
22 32
22 33
22 37
22 38
22 39
22 40
22 41
22 42
22 44
22 45
22 46
23 26
23 27
23 28
23 29
23 31
23 34
23 35
23 36
23 37
23 41
23 42
23 43
23 44
23 45
23 47
24 25
24 27
24 28
24 29
24 30
24 31
24 32
24 33
24 34
24 36
24 38
24 39
24 40
24 41
24 42
24 43
24 45
24 46
24 47
25 27
25 28
25 29
25 30
25 31
25 33
25 34
25 35
25 36
25 38
25 39
25 40
25 41
25 42
25 43
25 44
25 45
25 46
25 47
26 27
26 28
26 29
26 30
26 32
26 33
26 34
26 35
26 37
26 38
26 39
26 40
26 41
26 42
26 43
26 44
26 45
26 46
26 47
27 28
27 29
27 30
27 31
27 32
27 33
27 34
27 35
27 36
27 37
27 38
27 39
27 40
27 41
27 43
27 44
27 45
27 46
27 47
28 29
28 30
28 32
28 34
28 35
28 36
28 37
28 38
28 41
28 42
28 43
28 44
28 45
28 46
28 47
29 30
29 31
29 32
29 33
29 36
29 37
29 38
29 39
29 42
29 44
29 45
29 46
30 31
30 33
30 34
30 36
30 37
30 38
30 39
30 40
30 41
30 42
30 44
30 45
30 46
30 47
31 32
31 33
31 34
31 35
31 36
31 38
31 39
31 40
31 41
31 42
31 43
31 44
31 45
31 46
31 47
32 33
32 34
32 35
32 37
32 39
32 40
32 41
32 42
32 43
32 44
32 46
32 47
33 34
33 36
33 37
33 38
33 39
33 41
33 42
33 43
33 44
33 47
34 35
34 36
34 37
34 38
34 39
34 40
34 41
34 42
34 43
34 44
34 45
34 46
35 37
35 38
35 39
35 40
35 41
35 43
35 45
35 46
36 37
36 38
36 39
36 40
36 41
36 42
36 43
36 45
36 46
36 47
37 38
37 39
37 40
37 41
37 42
37 43
37 45
37 46
37 47
38 39
38 41
38 42
38 43
38 44
38 45
38 47
39 40
39 41
39 42
39 44
39 45
39 46
39 47
40 42
40 43
40 44
40 45
40 46
40 47
41 42
41 43
41 44
41 45
41 46
42 43
42 44
42 45
42 46
42 47
43 44
43 45
43 47
44 45
44 46
45 46
45 47
46 47

24 11
BBBBBBBBBBBBBBBBBBBBBBBB
0 6
1 18
1 19
6 16
6 20
7 16
7 23
10 15
12 22
15 22
20 23

45 61
BWWWWBBWWBWWWBWWBBWBBWWWBBBBWWBWBBBWWBWBWBBWW
0 10
0 19
0 22
0 32
0 43
1 27
1 40
2 41
2 42
3 7
3 14
3 21
3 25
3 32
4 30
4 34
5 33
7 32
8 28
8 29
9 12
9 40
10 14
10 22
10 35
10 41
11 34
11 43
12 41
13 39
14 18
14 23
14 33
15 20
15 24
16 29
16 34
18 30
18 33
18 43
19 21
20 44
21 44
23 31
24 32
25 26
25 28
26 30
26 36
27 33
27 38
28 32
29 42
30 34
31 33
31 36
31 40
33 40
34 35
34 38
35 44

39 467
BBBWBWBBWBBBBBBWBBBBWBWWBWBBWWBWBBBBWWB
0 1
0 2
0 4
0 5
0 6
0 7
0 8
0 9
0 10
0 11
0 12
0 14
0 15
0 16
0 18
0 21
0 22
0 23
0 24
0 25
0 27
0 28
0 29
0 31
0 32
0 33
0 34
1 2
1 3
1 4
1 5
1 6
1 7
1 8
1 9
1 12
1 14
1 16
1 18
1 19
1 20
1 22
1 23
1 28
1 29
1 33
1 35
1 37
2 3
2 4
2 5
2 6
2 7
2 8
2 9
2 11
2 12
2 13
2 14
2 15
2 16
2 17
2 18
2 19
2 20
2 22
2 23
2 24
2 25
2 26
2 28
2 29
2 32
2 33
2 34
2 37
2 38
3 7
3 8
3 10
3 14
3 15
3 16
3 19
3 20
3 21
3 22
3 23
3 25
3 26
3 27
3 29
3 30
3 31
3 33
3 35
3 36
3 37
3 38
4 5
4 6
4 8
4 9
4 12
4 13
4 15
4 16
4 17
4 18
4 19
4 21
4 22
4 26
4 27
4 29
4 30
4 31
4 32
4 33
4 34
4 35
4 36
4 37
4 38
5 6
5 7
5 8
5 10
5 12
5 13
5 15
5 16
5 17
5 18
5 19
5 21
5 22
5 24
5 25
5 27
5 28
5 31
5 32
5 33
5 36
5 38
6 7
6 10
6 12
6 14
6 15
6 17
6 18
6 19
6 20
6 21
6 22
6 28
6 29
6 30
6 31
6 32
6 33
6 34
6 36
6 37
7 8
7 9
7 12
7 14
7 15
7 19
7 20
7 22
7 23
7 26
7 27
7 28
7 29
7 31
7 33
7 35
7 36
8 9
8 11
8 12
8 15
8 17
8 18
8 20
8 23
8 24
8 25
8 26
8 27
8 28
8 29
8 30
8 31
8 32
8 33
8 34
8 37
8 38
9 11
9 12
9 13
9 15
9 16
9 19
9 20
9 22
9 23
9 24
9 25
9 26
9 27
9 28
9 30
9 31
9 34
9 36
10 11
10 13
10 15
10 16
10 17
10 20
10 22
10 23
10 24
10 26
10 27
10 28
10 30
10 32
10 36
10 37
11 12
11 14
11 15
11 16
11 18
11 19
11 20
11 24
11 26
11 33
11 34
11 36
11 37
11 38
12 15
12 16
12 17
12 18
12 19
12 21
12 22
12 23
12 26
12 28
12 30
12 32
12 33
12 34
12 35
12 36
12 37
12 38
13 14
13 15
13 17
13 18
13 19
13 20
13 22
13 23
13 24
13 25
13 27
13 30
13 32
13 34
13 35
13 36
13 38
14 15
14 16
14 20
14 23
14 24
14 25
14 28
14 29
14 30
14 32
14 35
14 37
14 38
15 16
15 17
15 18
15 19
15 20
15 21
15 22
15 24
15 27
15 30
15 31
15 32
15 33
15 34
15 36
15 37
15 38
16 18
16 19
16 20
16 22
16 23
16 24
16 26
16 27
16 31
16 32
16 33
16 34
16 35
16 36
16 37
16 38
17 20
17 21
17 22
17 23
17 25
17 27
17 28
17 29
17 31
17 32
17 33
17 35
17 36
17 37
18 19
18 20
18 21
18 23
18 26
18 27
18 31
18 33
18 37
18 38
19 21
19 22
19 26
19 28
19 30
19 31
19 34
19 38
20 21
20 23
20 24
20 26
20 27
20 28
20 31
20 33
20 38
21 22
21 26
21 30
21 35
21 36
22 24
22 25
22 26
22 28
22 29
22 31
22 32
22 33
22 34
22 36
22 38
23 25
23 26
23 27
23 28
23 29
23 30
23 35
23 36
23 37
23 38
24 25
24 27
24 28
24 31
24 32
24 33
24 37
24 38
25 26
25 27
25 30
25 34
25 36
25 38
26 29
26 30
26 31
26 32
26 33
26 34
26 35
26 38
27 28
27 29
27 30
27 32
27 33
27 34
27 35
27 37
27 38
28 29
28 30
28 34
28 35
28 36
28 37
28 38
29 30
29 31
29 32
29 33
29 34
29 35
29 36
29 38
30 32
30 33
30 35
30 37
30 38
31 33
31 34
31 35
31 37
32 33
32 35
32 36
32 37
32 38
33 38
34 36
34 38
35 36
35 37
35 38
37 38

40 129
BBBWWBBBWBBWBBBWWBWBWWBBBBBBBBBBWBWWWBBW
0 3
0 25
0 28
0 36
1 2
1 3
1 10
1 11
1 19
1 20
1 38
2 6
2 7
2 9
2 12
2 25
2 32
2 34
2 36
3 7
3 12
3 21
3 37
4 7
4 12
4 16
4 22
4 23
4 27
4 33
4 35
5 8
5 10
5 17
5 23
5 27
6 8
6 10
6 11
6 15
6 20
6 24
6 27
6 36
7 9
7 12
7 16
7 19
7 27
8 10
8 17
8 18
8 25
9 13
9 15
9 19
9 24
9 28
9 38
9 39
10 15
10 23
10 31
10 32
10 33
10 36
11 16
11 24
11 30
11 33
12 15
12 23
12 32
12 35
12 36
12 38
13 22
13 27
13 30
14 15
14 17
14 20
14 34
15 37
16 19
16 24
16 25
16 27
17 26
17 31
17 34
17 38
18 20
18 21
18 22
18 32
19 24
19 29
20 24
20 37
21 22
21 24
21 25
21 27
21 36
22 31
22 38
22 39
23 24
23 25
24 26
24 33
24 36
26 33
26 34
26 36
27 36
27 37
28 36
28 39
29 33
30 35
30 37
30 38
31 32
31 38
33 35
33 37
34 39

44 87
WWWWBWWBBWBWWBBWBWBWWBWBWWWWBBBBBBBBBWWWBWBB
0 8
0 12
0 20
0 36
0 41
1 2
1 6
1 9
1 12
1 14
1 31
1 32
2 7
2 11
2 14
2 20
2 28
2 36
3 12
3 17
3 41
4 5
4 28
5 33
6 32
6 39
7 9
7 21
7 23
7 25
7 32
7 39
7 40
8 12
8 18
8 26
8 40
9 20
9 26
9 38
10 11
10 31
10 42
11 12
11 15
11 33
11 38
12 17
12 30
13 20
13 30
13 39
14 15
14 20
14 25
14 34
14 38
14 42
15 33
16 22
16 25
16 35
17 39
18 32
18 34
18 42
19 24
19 34
20 23
21 27
21 35
21 42
22 28
24 34
24 39
25 28
25 30
27 28
27 30
28 35
30 33
31 37
31 43
33 41
35 37
36 37
39 41

26 31
WWBWWBWBWWWWWBWBWBWWBWWBBB
0 6
0 13
1 3
1 8
1 11
2 12
2 18
3 6
3 8
3 10
3 13
3 17
4 6
4 14
4 18
5 23
6 8
6 13
7 10
7 17
7 18
7 19
8 9
8 16
8 18
8 19
10 16
11 14
11 22
12 21
13 19

41 39
BBWBWBBBWBBBBBBBWBBBWWWWBBBBBWBBBBBWBBBBB
0 12
1 19
1 23
1 35
2 11
3 4
3 21
3 33
4 13
4 23
4 26
5 10
7 9
7 11
7 21
8 10
9 20
9 33
10 32
10 40
11 32
13 18
13 19
13 22
14 16
15 19
16 37
16 38
18 29
20 29
22 28
22 32
23 31
24 36
25 30
25 40
26 29
31 37
31 39

49 117
WBBWWWWWBBWWWWWBWBWWWWBWBWWWWWBWWWWBBWWWBWWWWWBWW
0 3
0 9
0 22
0 43
1 42
1 46
2 22
3 4
3 15
3 42
3 43
4 7
4 32
4 35
4 46
5 11
5 17
5 46
6 7
6 17
6 19
6 22
6 29
6 32
6 48
7 10
7 15
7 18
7 21
7 25
7 29
7 44
7 46
8 35
9 15
9 20
9 22
9 35
9 45
10 25
10 33
10 37
10 45
11 20
11 40
12 25
12 48
13 18
13 29
13 43
13 46
14 25
14 31
14 40
14 47
14 48
16 17
16 19
16 22
16 32
16 41
17 32
17 35
17 36
17 37
17 39
18 34
18 40
18 44
18 48
21 22
21 40
21 43
22 33
22 38
22 44
23 34
23 42
23 48
25 27
25 47
26 35
26 40
26 44
26 47
28 37
29 32
29 37
29 39
29 40
29 45
32 45
33 35
33 37
33 40
33 41
33 46
34 36
34 40
34 41
34 43
34 47
35 37
36 39
36 45
36 48
37 38
38 40
38 48
39 40
39 46
40 46
41 46
41 47
42 45
42 47
43 47

50 0
WWWWWWWWWWWWWWWWWWWWWWWWWWWWWWWWWWWWWWWWWWWWWWWWWW
