10
500
2 87 39 95 95 2290
1 4 16 26
1 84 12 29
1 89 51 43
1 64 56 87
2 8 27 28 46 -25
1 61 46 90
2 17 29 23 56 -3358
1 81 21 46
2 69 80 65 17 485
1 11 8 74
1 36 87 40
1 91 96 66
1 92 52 43
1 66 15 61
1 51 64 16
1 67 88 91
1 12 88 21
1 85 75 96
1 57 22 14
1 40 48 18
1 50 32 52
1 95 17 47
2 87 25 65 98 -819
1 72 8 82
1 73 20 55
1 14 88 8
2 98 61 65 85 -1680
1 87 49 93
1 8 83 18
1 76 25 81
1 80 10 9
2 28 34 1 35 -1792
1 27 94 22
1 3 45 31
1 31 49 15
1 37 1 42
1 28 71 52
1 43 37 91
2 86 20 11 52 -2381
1 86 60 82
2 99 58 7 17 2354
1 28 82 7
1 3 18 35
1 21 31 89
1 56 64 21
1 12 20 68
2 9 97 18 47 -1141
1 31 16 67
1 1 90 90
1 36 36 91
1 78 77 76
1 14 99 62
1 90 34 91
1 2 2 41
1 84 11 99
1 85 67 79
1 40 86 9
1 47 28 22
2 76 20 48 25 458
1 97 67 90
1 83 90 74
1 40 82 1
2 41 86 5 20 1701
2 62 46 67 81 3472
1 91 20 45
1 8 67 40
1 63 57 86
1 90 98 47
1 39 82 33
1 72 44 2
1 29 44 11
1 45 91 42
1 86 37 11
2 52 95 86 94 2456
1 0 51 8
1 80 33 52
1 88 35 19
2 30 60 87 99 3831
1 69 76 4
1 71 7 65
1 68 9 2
1 57 76 10
1 47 10 26
1 94 66 1
1 93 77 9
1 78 23 37
1 9 99 51
1 42 32 7
1 67 10 93
2 34 17 18 24 -1561
2 29 22 84 88 -2624
1 42 74 99
2 71 49 82 20 2498
1 27 78 18
1 22 20 39
1 83 13 76
1 11 69 31
1 82 95 9
1 65 33 41
2 65 57 55 63 -1578
1 57 35 52
1 0 48 95
2 22 42 83 76 -1093
1 73 34 11
1 12 55 29
1 5 77 89
1 20 12 93
2 5 0 93 25 -509
2 34 7 61 5 -752
2 42 13 58 56 2801
1 39 24 86
2 44 52 27 80 2546
1 82 16 16
1 7 27 41
1 4 8 67
2 98 17 25 90 15
1 68 41 82
1 70 59 65
1 15 97 40
2 39 4 52 32 722
1 44 47 32
2 90 22 32 48 -2945
2 82 73 94 89 -3409
2 10 63 73 47 -1707
1 49 26 13
1 91 54 10
2 27 44 48 23 200
1 30 59 45
1 76 21 69
1 77 10 47
1 8 3 9
1 98 21 68
1 24 8 8
2 20 58 27 76 -91
1 65 17 65
1 69 87 5
1 44 16 50
1 35 53 8
1 89 3 25
2 53 1 83 49 625
1 3 80 77
2 16 3 67 68 586
1 58 85 90
1 73 54 53
2 63 85 82 60 2959
1 25 41 60
1 89 78 42
1 22 92 10
1 99 41 12
1 17 42 66
1 30 70 35
1 68 41 36
1 93 83 26
2 48 19 35 70 2376
1 16 10 91
1 6 80 6
1 0 72 61
1 1 35 48
2 59 15 72 89 -1105
1 89 4 50
2 0 75 98 24 -2225
2 49 92 54 16 3486
1 85 10 2
2 68 93 41 85 -360
1 3 92 82
1 98 6 42
1 60 73 85
1 24 61 48
2 42 78 79 30 1429
2 65 33 88 79 -1160
1 70 85 26
1 54 25 77
1 7 52 31
1 99 68 77
1 12 75 81
1 41 91 5
1 27 33 25
1 46 44 66
1 6 16 81
1 82 12 42
1 42 89 17
1 72 93 9
1 53 85 21
1 26 94 28
1 22 54 27
1 91 69 50
1 42 97 37
1 9 24 61
2 96 23 25 3 1914
1 34 69 14
1 13 63 96
1 28 92 20
1 12 79 38
1 78 1 63
1 30 40 85
1 97 44 70
1 45 45 19
1 4 79 15
1 85 17 94
1 58 14 10
1 30 22 45
1 13 8 23
1 54 43 0
2 49 11 18 51 1139
2 27 53 43 64 2496
1 4 12 22
1 33 62 78
2 23 12 83 15 -3264
2 47 79 92 24 572
1 95 65 82
1 95 43 81
1 65 74 96
2 84 17 3 70 1487
1 3 73 93
1 73 79 85
1 88 18 3
1 19 71 2
1 40 0 54
1 76 37 76
2 33 11 64 15 -1192
2 2 55 73 26 -2100
1 20 28 34
1 91 60 46
1 97 11 31
1 88 89 11
1 34 64 78
1 98 98 32
1 43 50 50
1 86 97 5
1 29 58 25
2 36 2 23 73 419
1 62 47 88
1 45 40 39
1 23 77 27
1 79 74 94
1 34 36 2
1 47 12 76
1 83 18 35
2 18 61 83 19 -3780
1 86 58 89
1 15 65 83
1 33 9 42
1 9 35 46
1 45 38 75
1 92 32 48
1 50 13 43
1 24 20 74
1 54 62 78
1 21 69 27
1 94 6 79
1 10 4 93
1 43 7 94
2 48 35 25 35 1640
1 47 74 14
1 53 78 42
1 65 81 92
1 23 96 2
2 84 84 5 16 -926
2 63 84 93 27 2192
1 45 63 71
1 29 92 90
1 80 34 22
1 31 45 15
1 71 54 94
1 4 76 70
2 32 20 34 48 -3273
1 65 4 38
1 27 55 94
1 57 50 39
1 16 25 16
1 54 10 47
1 46 25 30
1 83 73 32
1 68 68 93
1 66 33 72
2 47 79 93 45 -60
1 27 64 50
1 29 26 64
1 43 11 44
1 63 27 46
2 91 14 98 8 1046
1 92 57 99
1 70 85 55
1 66 20 87
1 93 30 90
1 83 90 1
1 24 29 32
1 56 70 11
1 35 48 36
1 26 27 57
1 15 96 12
1 19 33 68
1 30 12 16
1 13 65 54
1 35 89 94
1 71 43 11
1 34 7 43
1 13 12 86
1 3 80 60
1 39 22 14
1 99 21 86
1 80 64 38
2 10 65 42 67 -1746
1 73 54 13
2 10 72 12 59 -793
2 87 19 53 13 -847
1 17 74 1
1 64 55 67
1 14 18 39
1 0 76 36
2 84 89 0 73 -1970
1 89 47 62
1 86 94 12
1 26 87 90
1 66 93 87
1 74 5 92
2 11 91 82 10 -309
1 54 63 16
1 52 16 80
1 63 64 83
1 56 5 16
2 51 30 39 95 1464
1 89 25 87
1 22 24 87
1 13 91 41
1 16 93 96
1 64 99 14
1 34 33 21
1 77 50 79
1 2 28 80
1 99 44 5
2 16 61 94 73 -2580
1 5 64 8
2 1 29 76 71 3112
1 78 87 14
1 64 55 38
2 63 40 38 67 35
1 15 83 36
2 96 4 42 31 1244
1 70 60 81
1 6 23 41
1 49 36 11
1 19 13 44
1 72 10 32
1 78 8 99
1 98 74 91
1 84 94 79
1 69 6 6
1 3 27 30
1 94 4 15
1 39 13 70
1 50 11 75
1 41 28 71
1 99 39 55
1 46 35 85
1 92 67 94
1 69 95 94
1 21 63 52
1 24 60 28
1 31 26 23
2 64 10 9 72 2755
1 96 49 96
1 61 90 93
1 33 7 66
1 50 85 68
1 49 78 59
1 62 24 34
2 79 80 90 17 919
1 7 27 40
2 38 82 30 1 1921
2 8 9 35 23 3241
1 68 19 99
1 77 2 55
1 86 96 20
1 68 65 28
2 28 65 61 75 3044
1 92 19 99
1 49 79 42
1 22 0 17
1 39 77 53
1 78 59 94
1 97 58 21
1 17 41 78
1 83 97 6
2 6 59 97 27 1216
1 99 75 14
1 14 4 60
2 93 64 11 60 3734
1 26 90 22
1 92 95 84
1 0 27 93
1 72 97 54
1 88 86 96
1 52 1 23
1 1 39 53
1 1 94 55
2 75 21 31 80 637
2 82 63 3 20 3463
1 22 54 13
1 9 63 41
1 5 14 64
1 33 6 5
1 90 87 53
1 11 21 67
2 90 0 63 74 -903
2 64 84 51 3 3861
2 40 63 8 26 -3001
1 24 97 32
1 4 77 57
2 18 30 21 23 3819
1 70 81 56
1 1 32 78
1 74 66 68
2 52 84 82 34 -1256
1 83 76 33
2 15 24 90 40 405
1 34 33 6
1 61 5 14
1 26 62 89
1 28 52 80
1 60 62 38
1 18 45 28
1 55 23 88
1 94 71 99
1 20 29 4
1 67 33 86
1 36 45 47
2 78 88 4 16 -2303
1 62 6 78
1 24 50 21
1 48 76 81
1 56 4 33
1 38 94 75
1 88 38 21
1 25 38 18
2 61 8 91 3 -422
1 8 83 57
2 69 60 58 41 -2140
1 49 77 64
1 35 87 72
2 65 95 3 75 -175
1 84 43 70
1 19 45 52
1 43 80 28
2 97 42 52 53 421
1 9 46 20
1 37 96 85
1 58 92 71
1 32 28 73
1 2 36 94
1 45 83 98
2 9 28 47 67 -2425
1 42 81 97
1 2 79 25
2 14 53 7 25 2842
1 37 99 33
1 93 92 35
1 27 38 27
1 82 74 5
1 0 79 70
2 41 91 95 26 -2563
1 43 0 17
1 82 76 33
1 14 18 4
1 87 93 3
1 56 45 48
1 62 78 64
2 91 90 90 99 -1306
2 43 75 84 60 -920
1 39 78 51
1 56 6 48
2 41 47 82 96 299
2 69 92 69 5 -2870
2 47 34 53 12 1891
1 60 83 94
1 68 12 52
2 67 80 50 16 -1629
1 1 1 76
1 74 31 92
1 24 95 23
1 53 30 59
1 90 47 15
2 87 57 92 43 -711
1 95 89 25
1 98 23 90
1 74 90 92
2 68 28 66 49 -3149
1 32 21 10
1 5 75 20
1 19 97 70
1 98 97 13
1 32 40 42
1 83 24 84
1 12 86 95
1 86 80 66
1 6 71 53
2 9 68 87 11 2798
2 82 27 56 22 -3223
1 42 14 67
